Motion parameters:
1.0000000000e+00 0.0000000000e+00 0.0000000000e+00 0.0000000000e+00 0.0000000000e+00 0.0000000000e+00 0.0000000000e+00 
9.9973931035e-01 5.0000015522e-06 -8.6360026809e-03 -2.1136006561e-02 1.2690000000e-03 2.0800000000e-04 9.9000000000e-05 
9.9718377039e-01 2.2339994856e-03 -5.1502988141e-02 -5.4469987458e-02 2.9230000000e-03 1.7200000000e-04 4.4000000000e-05 
9.9375816936e-01 -6.8400011657e-04 -8.3234014185e-02 -7.4272012657e-02 4.9020000000e-03 1.3000000000e-04 8.5000000000e-05 
9.9072033741e-01 -9.0520030829e-03 -1.1322803856e-01 -7.4637025419e-02 6.5880000000e-03 -4.7000000000e-05 2.2900000000e-04 
9.8748138662e-01 -9.5210037276e-03 -1.4461905662e-01 -6.2251024372e-02 8.7760000000e-03 -2.2500000000e-04 5.3400000000e-04 
9.8373091407e-01 -8.9229992206e-03 -1.6477998561e-01 -7.1002993798e-02 1.1102000000e-02 -1.4500000000e-04 8.6900000000e-04 


Structure parameters and image projections:
8.9000000000e-05 1.4900000000e-03 1.0242000000e-02 4 0 3.376943e+02 3.861233e+02 1 4.325000e+02 4.025000e+02 2 5.069756e+02 3.998659e+02 3 6.236732e+02 4.070253e+02
-3.4800000000e-04 1.4720000000e-03 1.0205000000e-02 3 0 3.013248e+02 3.845000e+02 1 3.970049e+02 4.025000e+02 2 4.720797e+02 4.037516e+02
-8.7100000000e-04 1.4750000000e-03 1.0553000000e-02 4 0 2.600161e+02 3.816234e+02 1 3.527500e+02 3.995724e+02 3 5.375000e+02 4.145000e+02 4 6.275000e+02 4.192489e+02
-7.2600000000e-04 1.4470000000e-03 1.0426000000e-02 3 0 2.708934e+02 3.801663e+02 2 4.365397e+02 4.021422e+02 3 5.715000e+02 4.120728e+02
-9.0100000000e-04 1.4340000000e-03 1.0538000000e-02 3 0 2.572521e+02 3.782242e+02 1 3.502820e+02 3.969515e+02 2 4.203459e+02 4.009937e+02
-1.0050000000e-03 1.4290000000e-03 1.0721000000e-02 5 0 2.503104e+02 3.765000e+02 1 3.414567e+02 3.947799e+02 2 4.093095e+02 3.985550e+02 3 5.206247e+02 4.106449e+02 4 6.089512e+02 4.161004e+02
1.2500000000e-03 1.4240000000e-03 1.1537000000e-02 3 0 4.225713e+02 3.670533e+02 1 5.041342e+02 3.782505e+02 2 5.601423e+02 3.706264e+02
-2.3870000000e-03 1.3330000000e-03 1.1510000000e-02 3 0 1.536322e+02 3.612571e+02 1 2.378855e+02 3.832324e+02 2 2.945000e+02 3.944166e+02
-2.1770000000e-03 1.3060000000e-03 1.1397000000e-02 3 0 1.675565e+02 3.603750e+02 1 2.527433e+02 3.807980e+02 2 3.106449e+02 3.925000e+02
1.8300000000e-03 1.3550000000e-03 1.2263000000e-02 3 0 4.573445e+02 3.564545e+02 1 5.336416e+02 3.653161e+02 2 5.798174e+02 3.547155e+02
-7.4700000000e-04 1.3450000000e-03 1.2965000000e-02 3 0 2.815257e+02 3.505000e+02 1 3.538493e+02 3.665000e+02 2 3.975000e+02 3.685000e+02
-8.6300000000e-04 1.3480000000e-03 1.2835000000e-02 3 0 2.732344e+02 3.513106e+02 1 3.467252e+02 3.673820e+02 2 3.912590e+02 3.709107e+02
-4.9730000000e-03 9.4000000000e-04 1.3827000000e-02 3 0 2.389828e+01 3.205000e+02 1 9.050000e+01 3.454336e+02 2 1.188652e+02 3.661772e+02
-1.3770000000e-03 9.3600000000e-04 1.4063000000e-02 6 0 2.469355e+02 3.185185e+02 1 3.123137e+02 3.345000e+02 2 3.444058e+02 3.401226e+02 3 4.172726e+02 3.517451e+02 4 4.752621e+02 3.598087e+02 5 5.600856e+02 3.486227e+02
1.1880000000e-03 6.8900000000e-04 1.3359000000e-02 4 0 4.059802e+02 3.064082e+02 1 4.732888e+02 3.163896e+02 2 5.086184e+02 3.100391e+02 3 5.835000e+02 3.155000e+02
9.4600000000e-04 6.8300000000e-04 1.3365000000e-02 5 0 3.905229e+02 3.058237e+02 1 4.577936e+02 3.165683e+02 2 4.935072e+02 3.112442e+02 3 5.682407e+02 3.166943e+02 4 6.266575e+02 3.236314e+02
4.9200000000e-04 6.7100000000e-04 1.3437000000e-02 5 0 3.615000e+02 3.045000e+02 1 4.287078e+02 3.172685e+02 2 4.641226e+02 3.135695e+02 3 5.392712e+02 3.205693e+02 4 5.981992e+02 3.276714e+02
3.0200000000e-04 6.6800000000e-04 1.3494000000e-02 4 0 3.492412e+02 3.051256e+02 1 4.161805e+02 3.172684e+02 3 5.263603e+02 3.219766e+02 4 5.852619e+02 3.292686e+02
1.8200000000e-04 6.7200000000e-04 1.3494000000e-02 5 0 3.417582e+02 3.045000e+02 1 4.085562e+02 3.175000e+02 2 4.440542e+02 3.155000e+02 3 5.188748e+02 3.242079e+02 4 5.779887e+02 3.311327e+02
-3.8390000000e-03 7.1700000000e-04 1.4421000000e-02 4 0 1.035000e+02 3.051048e+02 1 1.667525e+02 3.252147e+02 3 2.609666e+02 3.585000e+02 4 3.165000e+02 3.668464e+02
5.8500000000e-04 6.5800000000e-04 1.3365000000e-02 5 0 3.675000e+02 3.045000e+02 1 4.353975e+02 3.158639e+02 2 4.709784e+02 3.119673e+02 3 5.457471e+02 3.182906e+02 4 6.045000e+02 3.258405e+02
-4.2000000000e-05 6.5200000000e-04 1.3553000000e-02 4 0 3.275612e+02 3.036775e+02 1 3.942018e+02 3.165000e+02 2 4.292733e+02 3.148678e+02 3 5.042382e+02 3.235818e+02
-3.6900000000e-04 6.6600000000e-04 1.3597000000e-02 6 0 3.071317e+02 3.040030e+02 1 3.739181e+02 3.179968e+02 2 4.085674e+02 3.181572e+02 3 4.835186e+02 3.270523e+02 4 5.426175e+02 3.347144e+02 5 6.278965e+02 3.243665e+02
1.7230000000e-03 6.3700000000e-04 1.3245000000e-02 3 0 4.410231e+02 3.034478e+02 2 5.435795e+02 3.031954e+02 3 5.993083e+02 3.086506e+02
1.0860000000e-03 6.3600000000e-04 1.3345000000e-02 4 0 3.995672e+02 3.028428e+02 1 4.666239e+02 3.133031e+02 2 5.021848e+02 3.073207e+02 3 5.769035e+02 3.123230e+02
-8.4700000000e-04 6.3700000000e-04 1.3678000000e-02 6 0 2.775000e+02 3.018461e+02 1 3.440517e+02 3.172465e+02 2 3.778744e+02 3.193952e+02 3 4.524204e+02 3.298717e+02 4 5.116220e+02 3.372031e+02 5 5.980208e+02 3.270908e+02
6.7200000000e-04 6.0400000000e-04 1.3399000000e-02 4 0 3.728551e+02 3.011313e+02 1 4.398950e+02 3.125000e+02 2 4.753588e+02 3.075000e+02 3 5.503471e+02 3.135000e+02
3.0600000000e-04 6.1300000000e-04 1.3479000000e-02 5 0 3.495590e+02 3.010833e+02 1 4.163175e+02 3.130851e+02 2 4.515074e+02 3.108938e+02 3 5.264985e+02 3.184249e+02 4 5.855000e+02 3.253201e+02
1.9700000000e-04 6.1400000000e-04 1.3499000000e-02 5 0 3.426840e+02 3.010069e+02 1 4.096578e+02 3.137632e+02 2 4.445000e+02 3.115000e+02 3 5.195633e+02 3.191376e+02 4 5.786428e+02 3.261091e+02
1.1920000000e-03 5.8400000000e-04 1.3317000000e-02 4 0 4.065000e+02 2.995000e+02 1 4.738106e+02 3.098609e+02 2 5.088784e+02 3.035333e+02 3 5.838889e+02 3.086265e+02
6.1800000000e-04 5.8600000000e-04 1.3424000000e-02 5 0 3.694662e+02 2.995000e+02 1 4.364620e+02 3.111062e+02 2 4.715000e+02 3.070813e+02 3 5.465000e+02 3.145000e+02 4 6.055000e+02 3.215000e+02
4.4600000000e-04 5.9400000000e-04 1.3416000000e-02 5 0 3.586177e+02 2.995000e+02 1 4.256011e+02 3.123678e+02 2 4.610026e+02 3.092578e+02 3 5.355712e+02 3.156957e+02 4 5.946349e+02 3.228375e+02
8.2700000000e-04 5.7900000000e-04 1.3388000000e-02 5 0 3.828453e+02 2.991314e+02 1 4.500041e+02 3.100946e+02 2 4.849580e+02 3.055000e+02 3 5.599719e+02 3.115000e+02 4 6.185383e+02 3.185930e+02
5.0700000000e-04 5.7800000000e-04 1.3435000000e-02 5 0 3.623883e+02 2.987631e+02 1 4.291814e+02 3.109185e+02 2 4.643577e+02 3.075000e+02 3 5.391109e+02 3.145000e+02 4 5.983431e+02 3.209465e+02
-4.1300000000e-04 5.8900000000e-04 1.3612000000e-02 6 0 3.044208e+02 2.994298e+02 1 3.707019e+02 3.125000e+02 2 4.051705e+02 3.135000e+02 3 4.796561e+02 3.228382e+02 4 5.385000e+02 3.295000e+02 5 6.247156e+02 3.195000e+02
5.1000000000e-05 5.6200000000e-04 1.3527000000e-02 3 0 3.334506e+02 2.975565e+02 1 4.002845e+02 3.105000e+02 2 4.346526e+02 3.091396e+02
-3.6000000000e-04 5.6500000000e-04 1.3584000000e-02 6 0 3.076429e+02 2.979137e+02 1 3.743027e+02 3.115000e+02 2 4.085244e+02 3.120900e+02 3 4.831258e+02 3.215000e+02 4 5.425000e+02 3.295000e+02 5 6.281172e+02 3.187572e+02
-6.3100000000e-04 5.6200000000e-04 1.3646000000e-02 6 0 2.907894e+02 2.977053e+02 1 3.572395e+02 3.122695e+02 2 3.910318e+02 3.129894e+02 3 4.656013e+02 3.230800e+02 4 5.252784e+02 3.304417e+02 5 6.115000e+02 3.202759e+02
-8.3900000000e-04 5.5900000000e-04 1.3668000000e-02 6 0 2.779820e+02 2.972588e+02 1 3.443448e+02 3.120489e+02 2 3.779483e+02 3.145123e+02 3 4.522523e+02 3.247836e+02 4 5.115000e+02 3.321854e+02 5 5.982407e+02 3.217800e+02
-3.2680000000e-03 6.4200000000e-04 1.5693000000e-02 3 0 1.529158e+02 2.970764e+02 1 2.096151e+02 3.153662e+02 2 2.283216e+02 3.270596e+02
-3.5430000000e-03 5.7300000000e-04 1.5369000000e-02 3 0 1.339801e+02 2.936853e+02 1 1.925738e+02 3.135000e+02 2 2.117735e+02 3.265000e+02
6.1900000000e-04 4.3900000000e-04 1.3320000000e-02 5 0 3.698024e+02 2.902989e+02 1 4.369613e+02 3.021408e+02 2 4.721621e+02 2.981715e+02 3 5.470989e+02 3.046005e+02 4 6.061470e+02 3.116328e+02
4.8400000000e-04 3.4100000000e-04 1.3472000000e-02 3 0 3.608129e+02 2.841606e+02 3 5.366529e+02 3.000009e+02 4 5.936176e+02 3.059710e+02
-1.1120000000e-03 2.7700000000e-04 1.3695000000e-02 6 0 2.616678e+02 2.794382e+02 1 3.265000e+02 2.956037e+02 2 3.592156e+02 2.985022e+02 3 4.325000e+02 3.095475e+02 4 4.915000e+02 3.181233e+02 5 5.798034e+02 3.056699e+02
-9.2600000000e-04 2.1000000000e-04 1.3681000000e-02 5 0 2.730170e+02 2.749830e+02 1 3.377006e+02 2.909969e+02 2 3.701749e+02 2.931865e+02 4 5.043341e+02 3.099773e+02 5 5.904518e+02 3.008591e+02
5.9000000000e-04 1.2300000000e-04 1.3362000000e-02 5 0 3.678704e+02 2.698298e+02 1 4.337950e+02 2.822679e+02 2 4.673038e+02 2.783694e+02 3 5.412389e+02 2.850974e+02 4 6.004745e+02 2.922344e+02
-1.2750000000e-03 5.7000000000e-05 1.3745000000e-02 6 0 2.513291e+02 2.655000e+02 1 3.158169e+02 2.825000e+02 2 3.465722e+02 2.852875e+02 3 4.196042e+02 2.971859e+02 4 4.785202e+02 3.041074e+02 5 5.664298e+02 2.935000e+02
3.0200000000e-04 1.3000000000e-05 1.3420000000e-02 5 0 3.493658e+02 2.633123e+02 1 4.146951e+02 2.757858e+02 2 4.476984e+02 2.727295e+02 3 5.216467e+02 2.805000e+02 4 5.806307e+02 2.871220e+02
2.1640000000e-03 1.0000000000e-06 1.3062000000e-02 3 0 4.713111e+02 2.615000e+02 1 5.375000e+02 2.715000e+02 2 5.702330e+02 2.595265e+02
1.7100000000e-03 -5.1000000000e-05 1.3146000000e-02 3 0 4.410111e+02 2.589674e+02 2 5.397841e+02 2.600049e+02 3 6.130994e+02 2.640870e+02
-8.4100000000e-04 -7.3000000000e-05 1.3598000000e-02 6 0 2.777267e+02 2.577452e+02 1 3.423839e+02 2.729231e+02 2 3.739268e+02 2.749402e+02 3 4.471057e+02 2.851292e+02 4 5.068649e+02 2.928576e+02 5 5.944125e+02 2.820904e+02
7.5900000000e-04 -1.5300000000e-04 1.3282000000e-02 5 0 3.789066e+02 2.525000e+02 1 4.446222e+02 2.641570e+02 2 4.771556e+02 2.593226e+02 3 5.505320e+02 2.660472e+02 4 6.092289e+02 2.729976e+02
7.7000000000e-05 -1.5900000000e-04 1.3388000000e-02 5 0 3.350866e+02 2.525000e+02 1 4.008026e+02 2.651386e+02 2 4.328758e+02 2.630911e+02 3 5.064036e+02 2.709163e+02 4 5.655000e+02 2.782227e+02
-1.2670000000e-03 -1.9800000000e-04 1.3690000000e-02 6 0 2.514624e+02 2.498547e+02 1 3.155652e+02 2.665000e+02 2 3.455642e+02 2.695526e+02 3 4.182696e+02 2.808732e+02 4 4.773461e+02 2.881049e+02 5 5.654227e+02 2.772592e+02
1.1190000000e-03 -3.0700000000e-04 1.3205000000e-02 5 0 4.024398e+02 2.421514e+02 1 4.679348e+02 2.535000e+02 2 4.998224e+02 2.475000e+02 3 5.731768e+02 2.530841e+02 4 6.315000e+02 2.601539e+02
-1.1940000000e-03 -4.0300000000e-04 1.3606000000e-02 6 0 2.555511e+02 2.367180e+02 1 3.195000e+02 2.534906e+02 2 3.491724e+02 2.565000e+02 3 4.214351e+02 2.665000e+02 4 4.804824e+02 2.745144e+02 5 5.685000e+02 2.635000e+02
2.2110000000e-03 -4.0000000000e-04 1.3101000000e-02 3 0 4.739775e+02 2.359782e+02 1 5.382132e+02 2.445490e+02 2 5.692855e+02 2.343235e+02
4.2800000000e-04 -4.4600000000e-04 1.3309000000e-02 5 0 3.576022e+02 2.342311e+02 1 4.227697e+02 2.455000e+02 2 4.538697e+02 2.427873e+02 3 5.266920e+02 2.499607e+02 4 5.859490e+02 2.568555e+02
-1.2700000000e-03 -5.1400000000e-04 1.3632000000e-02 6 0 2.507223e+02 2.301288e+02 1 3.144735e+02 2.466968e+02 2 3.432297e+02 2.498564e+02 3 4.150176e+02 2.613846e+02 4 4.743802e+02 2.687725e+02 5 5.631823e+02 2.577345e+02
5.3700000000e-04 -5.2800000000e-04 1.3280000000e-02 5 0 3.647046e+02 2.283385e+02 1 4.293151e+02 2.406695e+02 2 4.605000e+02 2.369381e+02 3 5.332217e+02 2.439053e+02 4 5.921001e+02 2.509636e+02
-1.2100000000e-03 -5.5100000000e-04 1.3631000000e-02 6 0 2.545136e+02 2.279205e+02 1 3.181147e+02 2.438749e+02 2 3.467784e+02 2.471549e+02 3 4.187821e+02 2.580333e+02 4 4.777885e+02 2.652245e+02 5 5.668440e+02 2.545000e+02
9.3000000000e-04 -6.2200000000e-04 1.3192000000e-02 5 0 3.902324e+02 2.217292e+02 1 4.548200e+02 2.345000e+02 2 4.858273e+02 2.275592e+02 3 5.579603e+02 2.345000e+02 4 6.165029e+02 2.415000e+02
1.2450000000e-03 -6.3700000000e-04 1.3173000000e-02 4 0 4.107487e+02 2.208712e+02 1 4.753603e+02 2.318728e+02 2 5.058505e+02 2.254194e+02 3 5.785000e+02 2.308309e+02
2.1570000000e-03 -6.7700000000e-04 1.2999000000e-02 3 0 4.715955e+02 2.175000e+02 1 5.355000e+02 2.265000e+02 2 5.663297e+02 2.166537e+02
5.8900000000e-04 -7.2500000000e-04 1.3267000000e-02 4 0 3.680060e+02 2.160774e+02 1 4.320525e+02 2.283164e+02 3 5.350818e+02 2.312219e+02 4 5.939850e+02 2.384416e+02
1.0230000000e-03 -7.2400000000e-04 1.3169000000e-02 5 0 3.963950e+02 2.153303e+02 1 4.609480e+02 2.268930e+02 2 4.913746e+02 2.210235e+02 3 5.637167e+02 2.270720e+02 4 6.221863e+02 2.339831e+02
2.1710000000e-03 -7.6600000000e-04 1.2997000000e-02 3 0 4.725171e+02 2.115943e+02 1 5.365688e+02 2.208682e+02 2 5.665460e+02 2.108622e+02
5.2000000000e-04 -8.0300000000e-04 1.3241000000e-02 3 0 3.636732e+02 2.104567e+02 2 4.579382e+02 2.193774e+02 3 5.293252e+02 2.269216e+02
6.3400000000e-04 -8.3400000000e-04 1.3228000000e-02 5 0 3.710293e+02 2.085000e+02 1 4.348431e+02 2.208436e+02 2 4.650781e+02 2.165703e+02 3 5.375000e+02 2.233947e+02 4 5.965000e+02 2.305000e+02
-5.8700000000e-04 -9.2400000000e-04 1.3436000000e-02 4 0 2.928652e+02 2.037354e+02 1 3.563919e+02 2.186818e+02 2 3.847496e+02 2.191010e+02 3 4.566397e+02 2.282138e+02
-1.1960000000e-03 -9.3500000000e-04 1.3570000000e-02 6 0 2.552200e+02 2.036375e+02 1 3.178255e+02 2.198580e+02 2 3.454008e+02 2.225000e+02 3 4.164680e+02 2.335000e+02 4 4.758145e+02 2.406919e+02 5 5.656445e+02 2.298565e+02
1.0390000000e-03 -9.1200000000e-04 1.3146000000e-02 5 0 3.975388e+02 2.031893e+02 1 4.612814e+02 2.145000e+02 2 4.913869e+02 2.089093e+02 3 5.635413e+02 2.151906e+02 4 6.221961e+02 2.220790e+02
-1.2530000000e-03 -9.3400000000e-04 1.3586000000e-02 6 0 2.515970e+02 2.035000e+02 1 3.143400e+02 2.203275e+02 2 3.415325e+02 2.232470e+02 3 4.125000e+02 2.345000e+02 4 4.715955e+02 2.412060e+02 5 5.615126e+02 2.305000e+02
1.8600000000e-03 -1.1210000000e-03 1.3002000000e-02 4 0 4.520737e+02 1.885000e+02 1 5.155200e+02 1.982162e+02 2 5.442794e+02 1.897631e+02 3 6.162220e+02 1.935275e+02
1.4380000000e-03 -1.1520000000e-03 1.3064000000e-02 3 0 4.240265e+02 1.867375e+02 2 5.162301e+02 1.907444e+02 3 5.875000e+02 1.963036e+02
2.1870000000e-03 -1.1540000000e-03 1.2976000000e-02 3 0 4.737769e+02 1.862321e+02 1 5.368356e+02 1.952069e+02 2 5.651594e+02 1.854903e+02
1.9690000000e-03 -1.1920000000e-03 1.2962000000e-02 3 0 4.596132e+02 1.835258e+02 2 5.515000e+02 1.842412e+02 3 6.225000e+02 1.879935e+02
-1.1810000000e-03 -1.3060000000e-03 1.3537000000e-02 6 0 2.560628e+02 1.798911e+02 1 3.177115e+02 1.966932e+02 2 3.438499e+02 1.988612e+02 3 4.141774e+02 2.097193e+02 4 4.734005e+02 2.160867e+02 5 5.640543e+02 2.060403e+02
2.1870000000e-03 -1.2630000000e-03 1.2951000000e-02 3 0 4.741010e+02 1.786886e+02 1 5.370056e+02 1.882320e+02 2 5.649398e+02 1.782856e+02
-6.0500000000e-04 -1.3310000000e-03 1.3412000000e-02 5 0 2.918114e+02 1.773733e+02 1 3.539722e+02 1.930261e+02 2 3.808839e+02 1.933603e+02 4 5.113708e+02 2.101837e+02 5 6.018005e+02 2.002354e+02
-1.2380000000e-03 -1.3490000000e-03 1.3548000000e-02 5 0 2.523228e+02 1.765000e+02 1 3.139998e+02 1.945000e+02 2 3.395265e+02 1.965000e+02 4 4.691433e+02 2.145000e+02 5 5.596201e+02 2.036173e+02
-6.5700000000e-04 -1.4230000000e-03 1.3402000000e-02 5 0 2.883747e+02 1.716648e+02 1 3.505335e+02 1.870812e+02 2 3.769408e+02 1.876521e+02 4 5.077175e+02 2.039379e+02 5 5.980098e+02 1.945074e+02
-1.0420000000e-03 -1.4230000000e-03 1.3468000000e-02 6 0 2.643343e+02 1.721296e+02 1 3.260628e+02 1.884955e+02 2 3.521256e+02 1.903795e+02 3 4.225000e+02 2.008611e+02 4 4.819244e+02 2.081483e+02 5 5.728759e+02 1.973114e+02
-1.2460000000e-03 -1.4480000000e-03 1.3526000000e-02 6 0 2.515641e+02 1.711203e+02 1 3.132181e+02 1.873158e+02 2 3.384537e+02 1.901314e+02 3 4.082913e+02 2.006914e+02 4 4.675000e+02 2.076304e+02 5 5.585000e+02 1.975000e+02
-1.1850000000e-03 -1.4610000000e-03 1.3511000000e-02 5 0 2.556334e+02 1.695556e+02 1 3.169756e+02 1.865000e+02 2 3.425000e+02 1.895000e+02 4 4.725000e+02 2.075000e+02 5 5.628754e+02 1.955000e+02
2.1770000000e-03 -1.4230000000e-03 1.2930000000e-02 3 0 4.737070e+02 1.678525e+02 1 5.362188e+02 1.775334e+02 2 5.636048e+02 1.680210e+02
-5.0610000000e-03 -2.5430000000e-03 1.9928000000e-02 3 0 1.139058e+02 1.537321e+02 1 1.495000e+02 1.721286e+02 2 1.366860e+02 1.822752e+02
-5.1100000000e-03 -2.7310000000e-03 2.0242000000e-02 6 0 1.152662e+02 1.471084e+02 1 1.503688e+02 1.649349e+02 2 1.353320e+02 1.761286e+02 3 1.623115e+02 1.920408e+02 5 2.322133e+02 1.877970e+02 6 2.961396e+02 2.028108e+02
-5.1690000000e-03 -2.7780000000e-03 2.0078000000e-02 3 0 1.109700e+02 1.445731e+02 1 1.457314e+02 1.626212e+02 2 1.315591e+02 1.731553e+02
1.6540000000e-03 -1.9190000000e-03 1.2924000000e-02 4 0 4.392656e+02 1.355000e+02 1 5.009042e+02 1.464112e+02 2 5.269965e+02 1.384112e+02 3 5.966988e+02 1.435000e+02
6.8000000000e-04 -2.0300000000e-03 1.3093000000e-02 5 0 3.744720e+02 1.298940e+02 1 4.355000e+02 1.428977e+02 2 4.611414e+02 1.383561e+02 3 5.309031e+02 1.451776e+02 4 5.900142e+02 1.525000e+02
6.8000000000e-05 -2.0380000000e-03 1.3203000000e-02 3 0 3.346349e+02 1.304076e+02 1 3.951244e+02 1.446113e+02 2 4.205860e+02 1.425000e+02
1.4870000000e-03 -2.0230000000e-03 1.2943000000e-02 4 0 4.281202e+02 1.287950e+02 1 4.893900e+02 1.401374e+02 2 5.152098e+02 1.327897e+02 3 5.846818e+02 1.379337e+02
1.3860000000e-03 -2.0190000000e-03 1.2938000000e-02 4 0 4.215000e+02 1.291082e+02 1 4.829586e+02 1.405149e+02 2 5.089393e+02 1.334975e+02 3 5.785472e+02 1.391110e+02
9.6300000000e-04 -2.0280000000e-03 1.3036000000e-02 5 0 3.931394e+02 1.295000e+02 1 4.543758e+02 1.420575e+02 2 4.800781e+02 1.363895e+02 3 5.498846e+02 1.426847e+02 4 6.085000e+02 1.495000e+02
8.2400000000e-04 -2.0320000000e-03 1.3070000000e-02 5 0 3.839755e+02 1.295000e+02 1 4.450677e+02 1.424222e+02 2 4.706816e+02 1.372652e+02 3 5.404308e+02 1.439828e+02 4 5.995000e+02 1.505000e+02
3.0800000000e-04 -2.0460000000e-03 1.3151000000e-02 5 0 3.501897e+02 1.294830e+02 1 4.110571e+02 1.433567e+02 2 4.365000e+02 1.399867e+02 3 5.063221e+02 1.475000e+02 4 5.655137e+02 1.549304e+02
1.2030000000e-03 -2.0390000000e-03 1.2978000000e-02 5 0 4.091982e+02 1.280670e+02 1 4.705847e+02 1.400344e+02 2 4.963228e+02 1.337265e+02 3 5.659370e+02 1.396094e+02 4 6.242413e+02 1.472890e+02
4.3200000000e-04 -2.0680000000e-03 1.3165000000e-02 3 0 3.581716e+02 1.282997e+02 1 4.189188e+02 1.421138e+02 2 4.439959e+02 1.379824e+02
9.0000000000e-06 -2.0780000000e-03 1.3208000000e-02 5 0 3.308086e+02 1.282203e+02 1 3.915401e+02 1.424873e+02 2 4.165000e+02 1.400220e+02 3 4.858966e+02 1.484103e+02 4 5.455000e+02 1.555000e+02
4.9900000000e-04 -2.0740000000e-03 1.3123000000e-02 5 0 3.626374e+02 1.273977e+02 1 4.234446e+02 1.408843e+02 2 4.488524e+02 1.368357e+02 3 5.188325e+02 1.440810e+02 4 5.779982e+02 1.515000e+02
-1.2000000000e-04 -2.0950000000e-03 1.3248000000e-02 5 0 3.225000e+02 1.275000e+02 1 3.834565e+02 1.424495e+02 2 4.076646e+02 1.400044e+02 4 5.368326e+02 1.558642e+02 5 6.274329e+02 1.475000e+02
3.5100000000e-04 -2.1400000000e-03 1.3139000000e-02 5 0 3.530353e+02 1.225000e+02 1 4.136571e+02 1.374505e+02 2 4.386086e+02 1.336714e+02 3 5.083096e+02 1.408668e+02 4 5.676741e+02 1.485000e+02
3.0300000000e-04 -2.1600000000e-03 1.3157000000e-02 5 0 3.498660e+02 1.221075e+02 1 4.105049e+02 1.360885e+02 2 4.352266e+02 1.327985e+02 3 5.048877e+02 1.405000e+02 4 5.643084e+02 1.479121e+02
1.2090000000e-03 -2.1510000000e-03 1.2990000000e-02 4 0 4.094924e+02 1.209084e+02 1 4.705000e+02 1.329777e+02 3 5.649932e+02 1.324241e+02 4 6.227277e+02 1.405000e+02
1.7370000000e-03 -2.1410000000e-03 1.2882000000e-02 3 0 4.450262e+02 1.204802e+02 2 5.314203e+02 1.228387e+02 3 6.004205e+02 1.279339e+02
7.0000000000e-05 -2.2040000000e-03 1.3180000000e-02 5 0 3.348215e+02 1.195000e+02 1 3.947341e+02 1.348715e+02 2 4.198047e+02 1.315000e+02 3 4.888199e+02 1.404258e+02 4 5.485000e+02 1.476499e+02
5.1200000000e-04 -2.2080000000e-03 1.3112000000e-02 4 0 3.635000e+02 1.185000e+02 1 4.238645e+02 1.320133e+02 3 5.185467e+02 1.350116e+02 4 5.775000e+02 1.435000e+02
3.6700000000e-04 -2.2110000000e-03 1.3126000000e-02 5 0 3.540000e+02 1.187416e+02 1 4.146245e+02 1.325000e+02 2 4.393546e+02 1.285000e+02 3 5.087085e+02 1.365000e+02 4 5.680000e+02 1.437035e+02
8.9700000000e-04 -2.1990000000e-03 1.3018000000e-02 5 0 3.889361e+02 1.180136e+02 1 4.496497e+02 1.308463e+02 2 4.749115e+02 1.255484e+02 3 5.445543e+02 1.318116e+02 4 6.032881e+02 1.397075e+02
7.5800000000e-04 -2.2040000000e-03 1.3045000000e-02 4 0 3.797086e+02 1.180752e+02 1 4.405508e+02 1.310526e+02 3 5.355000e+02 1.335000e+02 4 5.942324e+02 1.406062e+02
6.2600000000e-04 -2.2100000000e-03 1.3070000000e-02 3 0 3.710000e+02 1.182264e+02 1 4.320000e+02 1.316987e+02 2 4.567258e+02 1.265000e+02
4.2900000000e-04 -2.2070000000e-03 1.3073000000e-02 5 0 3.581207e+02 1.185000e+02 1 4.190517e+02 1.316948e+02 2 4.441176e+02 1.278408e+02 3 5.134391e+02 1.345000e+02 4 5.727144e+02 1.419182e+02
1.9600000000e-04 -2.2180000000e-03 1.3128000000e-02 3 0 3.429465e+02 1.184141e+02 1 4.035000e+02 1.322421e+02 2 4.284289e+02 1.290183e+02
1.6190000000e-03 -2.2040000000e-03 1.2901000000e-02 4 0 4.371040e+02 1.165000e+02 1 4.981557e+02 1.275000e+02 2 5.230622e+02 1.196359e+02 3 5.921691e+02 1.246675e+02
1.1540000000e-03 -2.2030000000e-03 1.2961000000e-02 4 0 4.061145e+02 1.171081e+02 1 4.670691e+02 1.291938e+02 2 4.923045e+02 1.232209e+02 3 5.617738e+02 1.285000e+02
6.8700000000e-04 -2.2300000000e-03 1.3062000000e-02 5 0 3.750409e+02 1.162351e+02 1 4.355000e+02 1.295000e+02 2 4.605000e+02 1.254407e+02 3 5.298101e+02 1.317069e+02 4 5.889841e+02 1.391581e+02
1.4880000000e-03 -2.2290000000e-03 1.2912000000e-02 3 0 4.283732e+02 1.148218e+02 2 5.142658e+02 1.190872e+02 3 5.835000e+02 1.255000e+02
1.8130000000e-03 -2.2320000000e-03 1.2857000000e-02 3 0 4.503508e+02 1.140815e+02 2 5.361401e+02 1.163746e+02 3 6.048662e+02 1.214006e+02
1.6640000000e-03 -2.2320000000e-03 1.2887000000e-02 4 0 4.402228e+02 1.143544e+02 1 5.011018e+02 1.256114e+02 2 5.259953e+02 1.176293e+02 3 5.950452e+02 1.226080e+02
-1.0700000000e-04 -2.3020000000e-03 1.3211000000e-02 3 0 3.235000e+02 1.135000e+02 4 5.370550e+02 1.409764e+02 5 6.287559e+02 1.329797e+02
6.8000000000e-05 -2.3090000000e-03 1.3157000000e-02 5 0 3.346674e+02 1.124126e+02 1 3.949569e+02 1.270475e+02 2 4.191484e+02 1.245000e+02 3 4.885000e+02 1.321446e+02 4 5.477992e+02 1.397519e+02
1.3330000000e-03 -2.2920000000e-03 1.2932000000e-02 4 0 4.180923e+02 1.105000e+02 1 4.787301e+02 1.225000e+02 3 5.725733e+02 1.211172e+02 4 6.305000e+02 1.305000e+02
6.2600000000e-04 -2.3760000000e-03 1.3068000000e-02 5 0 3.709882e+02 1.075000e+02 1 4.315000e+02 1.195000e+02 2 4.555000e+02 1.155165e+02 3 5.246459e+02 1.232793e+02 4 5.835480e+02 1.309220e+02
4.8070000000e-03 -3.4320000000e-03 1.8498000000e-02 3 0 5.515000e+02 1.040818e+02 1 5.863938e+02 1.069975e+02 2 5.745569e+02 9.484969e+01
4.4700000000e-04 -2.4440000000e-03 1.3080000000e-02 5 0 3.593580e+02 1.028170e+02 1 4.193301e+02 1.165995e+02 2 4.433730e+02 1.126142e+02 3 5.122131e+02 1.199537e+02 4 5.715000e+02 1.272134e+02
3.3000000000e-05 -2.4600000000e-03 1.3176000000e-02 4 0 3.322782e+02 1.035000e+02 1 3.921349e+02 1.181696e+02 3 4.845000e+02 1.225000e+02 4 5.439261e+02 1.312191e+02
-1.5700000000e-04 -2.4600000000e-03 1.3207000000e-02 5 0 3.200772e+02 1.032816e+02 1 3.798479e+02 1.184641e+02 2 4.029711e+02 1.164837e+02 4 5.311741e+02 1.323324e+02 5 6.231108e+02 1.242443e+02
5.3300000000e-04 -2.4520000000e-03 1.3078000000e-02 5 0 3.649434e+02 1.023792e+02 1 4.249103e+02 1.157972e+02 2 4.488285e+02 1.115000e+02 3 5.177422e+02 1.190061e+02 4 5.770116e+02 1.263788e+02
3.2100000000e-04 -2.4530000000e-03 1.3114000000e-02 5 0 3.511077e+02 1.025000e+02 1 4.109820e+02 1.165000e+02 2 4.347467e+02 1.133172e+02 3 5.035412e+02 1.209694e+02 4 5.630549e+02 1.284342e+02
1.2290000000e-03 -2.4460000000e-03 1.2944000000e-02 5 0 4.111043e+02 1.008013e+02 1 4.713227e+02 1.131222e+02 2 4.954724e+02 1.068489e+02 3 5.642454e+02 1.123877e+02 4 6.222719e+02 1.207588e+02
4.7940000000e-03 -3.5180000000e-03 1.8453000000e-02 3 0 5.514057e+02 9.993226e+01 1 5.862955e+02 1.025652e+02 2 5.743405e+02 9.038339e+01
1.7620000000e-03 -2.4380000000e-03 1.2854000000e-02 4 0 4.470658e+02 9.997330e+01 1 5.073874e+02 1.111215e+02 2 5.313538e+02 1.035000e+02 3 5.997787e+02 1.079698e+02
1.6600000000e-03 -2.4390000000e-03 1.2859000000e-02 3 0 4.401980e+02 1.002811e+02 2 5.247640e+02 1.036633e+02 3 5.931550e+02 1.090181e+02
4.8700000000e-04 -2.4880000000e-03 1.3072000000e-02 5 0 3.619941e+02 9.950000e+01 1 4.215000e+02 1.135000e+02 2 4.456428e+02 1.098080e+02 3 5.145000e+02 1.167842e+02 4 5.740278e+02 1.244182e+02
1.7400000000e-04 -2.4870000000e-03 1.3133000000e-02 5 0 3.415408e+02 1.005000e+02 1 4.015000e+02 1.145000e+02 2 4.248340e+02 1.122289e+02 3 4.936262e+02 1.199217e+02 4 5.530794e+02 1.273881e+02
6.8300000000e-04 -2.4890000000e-03 1.3048000000e-02 5 0 3.748053e+02 9.945918e+01 1 4.347311e+02 1.126664e+02 2 4.585341e+02 1.081437e+02 3 5.275388e+02 1.150901e+02 4 5.865000e+02 1.225000e+02
-1.3000000000e-05 -2.5490000000e-03 1.3169000000e-02 5 0 3.293685e+02 9.750000e+01 1 3.888445e+02 1.116266e+02 2 4.120030e+02 1.095000e+02 3 4.806404e+02 1.179528e+02 4 5.403073e+02 1.253408e+02
-6.6000000000e-05 -2.5290000000e-03 1.3154000000e-02 5 0 3.260466e+02 9.794229e+01 1 3.855000e+02 1.135000e+02 2 4.089788e+02 1.105000e+02 4 5.368462e+02 1.263926e+02 5 6.283010e+02 1.183776e+02
1.5930000000e-03 -2.5200000000e-03 1.2866000000e-02 4 0 4.357243e+02 9.508061e+01 1 4.959088e+02 1.065000e+02 2 5.197430e+02 9.884602e+01 3 5.881245e+02 1.044713e+02
6.8300000000e-04 -2.5630000000e-03 1.3027000000e-02 5 0 3.748568e+02 9.450000e+01 1 4.346429e+02 1.078672e+02 2 4.583174e+02 1.029203e+02 3 5.271633e+02 1.098332e+02 4 5.861170e+02 1.175219e+02
4.8800000000e-04 -2.5710000000e-03 1.3063000000e-02 5 0 3.620000e+02 9.458489e+01 1 4.220000e+02 1.080876e+02 2 4.452514e+02 1.036575e+02 3 5.139946e+02 1.115000e+02 4 5.731738e+02 1.185000e+02
2.8000000000e-05 -2.5920000000e-03 1.3152000000e-02 4 0 3.320035e+02 9.450000e+01 1 3.916481e+02 1.085000e+02 2 4.145102e+02 1.058366e+02 3 4.827611e+02 1.136596e+02
1.7650000000e-03 -2.5520000000e-03 1.2826000000e-02 3 0 4.473044e+02 9.316988e+01 2 5.313304e+02 9.450000e+01 3 5.990262e+02 1.005000e+02
2.2400000000e-04 -2.6040000000e-03 1.3099000000e-02 4 0 3.448415e+02 9.250000e+01 1 4.045336e+02 1.071560e+02 2 4.276279e+02 1.038355e+02 3 4.955302e+02 1.115000e+02
1.2400000000e-04 -2.6060000000e-03 1.3115000000e-02 5 0 3.383357e+02 9.250000e+01 1 3.979481e+02 1.075000e+02 2 4.210026e+02 1.045000e+02 3 4.895029e+02 1.125000e+02 4 5.490499e+02 1.195000e+02
-4.0000000000e-05 -2.6260000000e-03 1.3233000000e-02 5 0 3.276359e+02 9.300066e+01 1 3.865000e+02 1.076848e+02 2 4.088698e+02 1.053000e+02 3 4.771515e+02 1.137121e+02 4 5.365761e+02 1.209445e+02
7.7800000000e-04 -2.6020000000e-03 1.3035000000e-02 4 0 3.809991e+02 9.250000e+01 1 4.405917e+02 1.048697e+02 3 5.329957e+02 1.075000e+02 4 5.915000e+02 1.145000e+02
1.7190000000e-03 -2.5920000000e-03 1.2851000000e-02 3 0 4.442174e+02 8.978942e+01 1 5.041601e+02 1.008058e+02 2 5.275000e+02 9.350000e+01
1.6180000000e-03 -2.5870000000e-03 1.2840000000e-02 3 0 4.375906e+02 9.028754e+01 1 4.975590e+02 1.015906e+02 2 5.213796e+02 9.392448e+01
4.2700000000e-04 -2.6330000000e-03 1.3057000000e-02 5 0 3.580970e+02 9.014317e+01 1 4.176872e+02 1.041469e+02 2 4.409652e+02 1.002498e+02 3 5.095000e+02 1.085000e+02 4 5.688386e+02 1.150953e+02
3.5000000000e-05 -2.6630000000e-03 1.3132000000e-02 5 0 3.324835e+02 8.936446e+01 1 3.919123e+02 1.041434e+02 2 4.146327e+02 1.012625e+02 3 4.830771e+02 1.095227e+02 4 5.425922e+02 1.167635e+02
-1.5300000000e-04 -2.6740000000e-03 1.3162000000e-02 5 0 3.203662e+02 8.889657e+01 1 3.796454e+02 1.043149e+02 2 4.021852e+02 1.020223e+02 4 5.300868e+02 1.177080e+02 5 6.222515e+02 1.098648e+02
1.3090000000e-03 -2.6480000000e-03 1.2923000000e-02 4 0 4.165000e+02 8.750000e+01 1 4.762433e+02 9.867274e+01 2 4.995000e+02 9.250000e+01 3 5.680280e+02 9.760249e+01
3.2800000000e-04 -2.6900000000e-03 1.3100000000e-02 5 0 3.515000e+02 8.750000e+01 1 4.107971e+02 1.007409e+02 2 4.336043e+02 9.713071e+01 3 5.020541e+02 1.046487e+02 4 5.615000e+02 1.124038e+02
1.1570000000e-03 -2.6670000000e-03 1.2931000000e-02 5 0 4.064427e+02 8.605738e+01 1 4.661957e+02 9.870991e+01 2 4.894286e+02 9.255658e+01 3 5.579196e+02 9.850000e+01 4 6.161441e+02 1.067433e+02
8.3000000000e-04 -2.6870000000e-03 1.3015000000e-02 5 0 3.845000e+02 8.650000e+01 1 4.440627e+02 9.869455e+01 2 4.669910e+02 9.350000e+01 3 5.353455e+02 9.950000e+01 4 5.944728e+02 1.079503e+02
5.2700000000e-03 -4.0170000000e-03 1.8467000000e-02 3 0 5.732675e+02 7.671648e+01 1 6.060711e+02 7.960164e+01 2 5.921978e+02 6.658248e+01
5.2590000000e-03 -4.0640000000e-03 1.8441000000e-02 3 0 5.731223e+02 7.421928e+01 1 6.059586e+02 7.731032e+01 2 5.919507e+02 6.413441e+01
5.1490000000e-03 -4.0810000000e-03 1.8479000000e-02 3 0 5.675000e+02 7.398498e+01 1 6.005000e+02 7.716982e+01 2 5.863888e+02 6.414822e+01
-5.4050000000e-03 -4.4310000000e-03 2.0067000000e-02 6 0 1.008795e+02 7.369362e+01 1 1.322440e+02 9.263957e+01 2 1.123675e+02 1.025323e+02 3 1.349487e+02 1.186336e+02 5 2.038166e+02 1.116818e+02 6 2.645000e+02 1.280571e+02
-4.7300000000e-03 -4.4800000000e-03 2.0163000000e-02 5 0 1.305000e+02 7.250000e+01 1 1.618801e+02 9.050000e+01 2 1.425000e+02 9.876759e+01 3 1.664387e+02 1.135000e+02 4 1.890603e+02 1.219475e+02
-3.7440000000e-03 -4.4400000000e-03 1.9901000000e-02 7 0 1.701075e+02 7.150000e+01 1 2.022712e+02 8.850000e+01 2 1.849365e+02 9.464532e+01 3 2.099539e+02 1.082649e+02 4 2.338936e+02 1.166622e+02 5 2.840947e+02 1.034923e+02 6 3.444057e+02 1.172622e+02
-6.3900000000e-03 -4.5940000000e-03 2.0189000000e-02 5 0 6.071811e+01 6.806928e+01 1 9.128173e+01 8.782570e+01 2 6.870798e+01 9.990994e+01 3 8.978771e+01 1.164269e+02 4 1.111607e+02 1.246618e+02
-5.6930000000e-03 -4.6140000000e-03 2.0124000000e-02 7 0 8.932707e+01 6.680468e+01 1 1.203765e+02 8.564069e+01 2 9.904602e+01 9.572647e+01 3 1.217953e+02 1.113294e+02 4 1.439849e+02 1.195638e+02 5 1.928605e+02 1.031653e+02 6 2.537405e+02 1.195000e+02
-6.1170000000e-03 -4.7080000000e-03 2.0210000000e-02 6 0 7.248859e+01 6.350000e+01 1 1.028747e+02 8.332546e+01 2 8.041724e+01 9.407049e+01 3 1.017282e+02 1.105000e+02 4 1.231122e+02 1.182931e+02 5 1.710658e+02 1.012567e+02
-4.8140000000e-03 -4.6800000000e-03 2.0119000000e-02 6 0 1.265068e+02 6.350000e+01 1 1.575732e+02 8.150000e+01 2 1.375229e+02 9.005832e+01 3 1.606581e+02 1.045000e+02 4 1.833396e+02 1.125000e+02 5 2.325215e+02 9.807924e+01
-4.6870000000e-03 -4.7120000000e-03 2.0133000000e-02 3 0 1.320000e+02 6.233659e+01 1 1.631348e+02 7.950000e+01 2 1.430000e+02 8.827495e+01
-4.5740000000e-03 -4.7230000000e-03 2.0038000000e-02 6 0 1.360000e+02 6.048879e+01 1 1.672146e+02 7.916350e+01 2 1.474395e+02 8.650000e+01 3 1.703854e+02 1.005587e+02 4 1.933505e+02 1.095000e+02 5 2.423970e+02 9.450000e+01
-3.4320000000e-03 -4.7680000000e-03 1.9919000000e-02 7 0 1.835000e+02 5.812783e+01 1 2.145457e+02 7.387254e+01 2 1.970023e+02 7.905385e+01 3 2.219430e+02 9.196255e+01 4 2.461400e+02 1.004089e+02 5 2.967853e+02 8.745485e+01 6 3.568169e+02 1.004060e+02
-5.6750000000e-03 -4.8150000000e-03 2.0072000000e-02 7 0 8.948016e+01 5.764133e+01 1 1.200039e+02 7.650000e+01 2 9.840380e+01 8.650000e+01 3 1.206340e+02 1.019109e+02 4 1.430139e+02 1.105000e+02 5 1.916117e+02 9.350000e+01 6 2.520155e+02 1.105000e+02
-3.7450000000e-03 -4.9020000000e-03 2.0272000000e-02 3 0 1.729690e+02 5.541685e+01 1 2.035002e+02 7.213632e+01 2 1.836756e+02 7.781686e+01
-4.6770000000e-03 -4.9530000000e-03 1.9951000000e-02 7 0 1.306339e+02 5.000787e+01 1 1.615912e+02 6.788158e+01 2 1.412082e+02 7.628088e+01 3 1.641355e+02 9.050000e+01 4 1.873396e+02 9.879232e+01 5 2.366443e+02 8.496732e+01 6 2.957438e+02 9.932505e+01
-5.1390000000e-03 -5.0730000000e-03 2.0421000000e-02 7 0 1.159317e+02 5.018580e+01 1 1.454635e+02 6.894436e+01 2 1.230242e+02 7.687246e+01 3 1.440298e+02 9.221799e+01 4 1.653396e+02 1.002149e+02 5 2.130737e+02 8.450000e+01 6 2.711920e+02 9.985931e+01
-4.6160000000e-03 -5.0750000000e-03 2.0120000000e-02 3 0 1.348477e+02 4.754245e+01 1 1.652618e+02 6.443639e+01 2 1.441792e+02 7.147952e+01
-4.1070000000e-03 -5.1990000000e-03 2.0123000000e-02 7 0 1.564526e+02 4.177702e+01 1 1.863324e+02 5.902147e+01 2 1.658799e+02 6.490802e+01 3 1.884972e+02 7.750000e+01 4 2.110221e+02 8.641136e+01 5 2.605000e+02 7.150000e+01 6 3.183447e+02 8.750000e+01
-2.0260000000e-03 -5.3770000000e-03 1.9897000000e-02 7 0 2.434129e+02 3.171468e+01 1 2.739408e+02 4.553612e+01 2 2.550855e+02 4.752947e+01 3 2.786896e+02 5.874583e+01 4 3.022769e+02 6.774966e+01 5 3.522423e+02 5.683508e+01 6 4.089799e+02 6.856783e+01
-3.2420000000e-03 -5.4420000000e-03 2.0079000000e-02 7 0 1.927658e+02 3.088625e+01 1 2.225000e+02 4.550000e+01 2 2.022153e+02 5.104409e+01 3 2.245000e+02 6.250000e+01 4 2.475000e+02 7.154175e+01 5 2.973362e+02 5.917682e+01 6 3.544465e+02 7.219756e+01
-3.5960000000e-03 -5.4530000000e-03 2.0143000000e-02 7 0 1.782381e+02 3.094694e+01 1 2.078339e+02 4.762507e+01 2 1.869076e+02 5.262353e+01 3 2.095000e+02 6.634923e+01 4 2.322090e+02 7.395941e+01 5 2.820049e+02 6.100909e+01 6 3.393689e+02 7.421960e+01
-3.5000000000e-03 -5.4660000000e-03 2.0070000000e-02 7 0 1.817545e+02 2.976902e+01 1 2.115255e+02 4.596669e+01 2 1.908260e+02 5.072399e+01 3 2.128858e+02 6.327932e+01 4 2.356089e+02 7.198689e+01 5 2.851729e+02 5.841042e+01 6 3.426024e+02 7.208266e+01
-4.6070000000e-03 -5.4940000000e-03 2.0136000000e-02 4 0 1.353977e+02 2.945513e+01 1 1.644728e+02 4.686305e+01 2 1.424682e+02 5.391106e+01 3 1.634137e+02 6.790839e+01
-3.0140000000e-03 -5.4980000000e-03 2.0019000000e-02 7 0 2.020130e+02 2.800673e+01 1 2.318502e+02 4.313599e+01 2 2.117029e+02 4.697838e+01 3 2.343141e+02 5.950000e+01 4 2.575750e+02 6.750000e+01 5 3.076036e+02 5.493700e+01 6 3.645000e+02 6.782971e+01
-4.7400000000e-03 -5.5560000000e-03 2.0193000000e-02 7 0 1.303384e+02 2.791294e+01 1 1.595478e+02 4.466511e+01 2 1.366349e+02 5.193258e+01 3 1.581309e+02 6.569279e+01 4 1.805000e+02 7.369939e+01 5 2.296245e+02 5.804441e+01 6 2.875015e+02 7.351093e+01
-4.2310000000e-03 -5.4640000000e-03 1.9862000000e-02 7 0 1.488710e+02 2.729880e+01 1 1.795000e+02 4.475446e+01 2 1.579029e+02 5.117999e+01 3 1.806560e+02 6.549367e+01 4 2.039491e+02 7.323225e+01 5 2.545327e+02 5.892197e+01 6 3.126494e+02 7.306000e+01
-4.7200000000e-03 -5.5910000000e-03 2.0092000000e-02 3 0 1.301799e+02 2.523622e+01 1 1.599613e+02 4.175060e+01 2 1.367668e+02 4.922739e+01
-1.8530000000e-03 -5.6040000000e-03 1.9943000000e-02 7 0 2.511655e+02 2.252046e+01 1 2.807352e+02 3.617103e+01 2 2.615502e+02 3.763457e+01 3 2.848357e+02 4.850000e+01 4 3.085921e+02 5.780200e+01 5 3.587654e+02 4.711885e+01 6 4.145000e+02 5.750000e+01
-2.1540000000e-03 -5.6950000000e-03 1.9954000000e-02 7 0 2.383743e+02 1.890014e+01 1 2.677143e+02 3.264090e+01 2 2.480732e+02 3.470191e+01 3 2.707347e+02 4.558547e+01 4 2.945112e+02 5.466793e+01 5 3.445473e+02 4.341076e+01 6 4.010581e+02 5.550000e+01
-4.6000000000e-03 -5.7230000000e-03 2.0098000000e-02 7 0 1.353459e+02 1.938235e+01 1 1.645145e+02 3.684347e+01 2 1.414065e+02 4.350000e+01 3 1.625283e+02 5.687325e+01 4 1.848223e+02 6.482207e+01 5 2.345697e+02 4.965520e+01 6 2.922189e+02 6.488173e+01
-3.3340000000e-03 -5.7540000000e-03 2.0012000000e-02 7 0 1.883806e+02 1.692544e+01 1 2.172266e+02 3.269047e+01 2 1.964304e+02 3.699308e+01 3 2.178056e+02 4.926562e+01 4 2.408777e+02 5.765777e+01 5 2.907079e+02 4.438196e+01 6 3.475000e+02 5.850000e+01
-1.8770000000e-03 -5.7770000000e-03 2.0015000000e-02 7 0 2.505000e+02 1.650000e+01 1 2.794284e+02 3.012586e+01 2 2.596913e+02 3.058158e+01 3 2.826830e+02 4.185717e+01 4 3.066515e+02 5.099427e+01 5 3.566920e+02 3.952739e+01 6 4.127211e+02 5.176149e+01
-1.3770000000e-03 -5.7960000000e-03 1.9714000000e-02 4 0 2.706011e+02 1.196968e+01 1 3.005000e+02 2.382865e+01 2 2.813460e+02 2.450000e+01 3 3.046017e+02 3.500863e+01
-6.0400000000e-03 -5.9130000000e-03 2.0035000000e-02 3 0 7.350000e+01 1.087294e+01 1 1.020840e+02 2.938009e+01 2 7.599612e+01 3.901450e+01
-2.3600000000e-03 -5.8740000000e-03 1.9897000000e-02 7 0 2.293295e+02 9.947354e+00 1 2.584597e+02 2.450000e+01 2 2.381611e+02 2.757921e+01 3 2.605330e+02 3.850398e+01 4 2.845000e+02 4.850000e+01 5 3.348972e+02 3.550000e+01 6 3.912079e+02 4.769842e+01
-1.8480000000e-03 -5.9090000000e-03 1.9806000000e-02 7 0 2.510124e+02 8.003941e+00 1 2.799987e+02 2.222967e+01 2 2.605000e+02 2.250000e+01 3 2.827682e+02 3.450000e+01 4 3.067293e+02 4.312257e+01 5 3.575000e+02 3.184064e+01 6 4.128213e+02 4.442212e+01
-1.0020000000e-03 1.2950000000e-03 1.0689000000e-02 4 1 3.411339e+02 3.846618e+02 2 4.078770e+02 3.887902e+02 3 5.190327e+02 4.005000e+02 4 6.073470e+02 4.056887e+02
-1.1160000000e-03 1.2840000000e-03 1.0758000000e-02 4 1 3.320031e+02 3.835000e+02 2 3.985000e+02 3.885000e+02 3 5.080447e+02 4.005000e+02 4 5.959327e+02 4.055591e+02
7.0200000000e-04 1.3760000000e-03 1.1683000000e-02 3 1 4.620790e+02 3.746195e+02 2 5.163928e+02 3.696195e+02 3 6.105000e+02 3.750211e+02
-6.7800000000e-04 5.7900000000e-04 1.3583000000e-02 5 1 3.540280e+02 3.133395e+02 2 3.878776e+02 3.150748e+02 3 4.625177e+02 3.248827e+02 4 5.220175e+02 3.323518e+02 5 6.081976e+02 3.219398e+02
-1.2940000000e-03 -5.7500000000e-04 1.3652000000e-02 5 1 3.126791e+02 2.433405e+02 2 3.409853e+02 2.465795e+02 3 4.125000e+02 2.579922e+02 4 4.716479e+02 2.647027e+02 5 5.607019e+02 2.536405e+02
-6.9880000000e-03 -1.2810000000e-03 1.7067000000e-02 3 1 2.750000e+01 2.247123e+02 2 2.250000e+01 2.445000e+02 3 6.280954e+01 2.677414e+02
-1.1860000000e-03 -1.1200000000e-03 1.3562000000e-02 4 1 3.180000e+02 2.085748e+02 2 3.450000e+02 2.110466e+02 4 4.750000e+02 2.297657e+02 5 5.650058e+02 2.185000e+02
-4.7090000000e-03 -2.5020000000e-03 2.0602000000e-02 3 1 1.693035e+02 1.762903e+02 2 1.549711e+02 1.862897e+02 3 1.799499e+02 2.013709e+02
1.1030000000e-03 -2.2290000000e-03 1.3071000000e-02 3 1 4.626990e+02 1.288842e+02 2 4.877887e+02 1.228469e+02 3 5.573127e+02 1.287854e+02
1.4090000000e-03 -2.2480000000e-03 1.3034000000e-02 3 1 4.828295e+02 1.263795e+02 2 5.077384e+02 1.192855e+02 3 5.769187e+02 1.248695e+02
1.5990000000e-03 -2.2550000000e-03 1.3006000000e-02 3 1 4.954282e+02 1.253236e+02 2 5.202154e+02 1.174973e+02 3 5.892828e+02 1.225000e+02
8.3300000000e-04 -2.4620000000e-03 1.3125000000e-02 4 1 4.442021e+02 1.151637e+02 2 4.683065e+02 1.100273e+02 3 5.371229e+02 1.165000e+02 4 5.958984e+02 1.243450e+02
-1.4400000000e-04 -2.6200000000e-03 1.3282000000e-02 3 1 3.802427e+02 1.091805e+02 2 4.029784e+02 1.074386e+02 3 4.713974e+02 1.154117e+02
1.0220000000e-03 -2.5570000000e-03 1.3082000000e-02 3 1 4.565000e+02 1.079729e+02 2 4.803699e+02 1.021252e+02 3 5.489304e+02 1.085307e+02
5.4600000000e-04 -2.6260000000e-03 1.3158000000e-02 4 1 4.250598e+02 1.055808e+02 2 4.485686e+02 1.016722e+02 3 5.169794e+02 1.085923e+02 4 5.765000e+02 1.165000e+02
-7.6740000000e-03 -4.2670000000e-03 1.9994000000e-02 3 1 3.497592e+01 1.032601e+02 2 1.050000e+01 1.188690e+02 3 2.977766e+01 1.371591e+02
-5.7570000000e-03 -4.2380000000e-03 1.9883000000e-02 4 1 1.159745e+02 1.002854e+02 2 9.569928e+01 1.112242e+02 3 1.195000e+02 1.272585e+02 4 1.418655e+02 1.352230e+02
-3.2180000000e-03 -4.4750000000e-03 1.9983000000e-02 3 1 2.245000e+02 8.659174e+01 2 2.082247e+02 9.163483e+01 3 2.329041e+02 1.045934e+02
-4.8080000000e-03 -4.5380000000e-03 2.0050000000e-02 6 1 1.575000e+02 8.735760e+01 2 1.378075e+02 9.600159e+01 3 1.615000e+02 1.101988e+02 4 1.841280e+02 1.185905e+02 5 2.335000e+02 1.038837e+02 6 2.935000e+02 1.189632e+02
-1.8100000000e-03 -4.5080000000e-03 1.9832000000e-02 6 1 2.845000e+02 8.160415e+01 2 2.691845e+02 8.366903e+01 3 2.957255e+02 9.455885e+01 4 3.205000e+02 1.036866e+02 5 3.705000e+02 9.365564e+01 6 4.295000e+02 1.046338e+02
-1.9210000000e-03 -4.9980000000e-03 2.0142000000e-02 4 1 2.792414e+02 6.398674e+01 2 2.620041e+02 6.550000e+01 3 2.859835e+02 7.673655e+01 4 3.095659e+02 8.614960e+01
-1.6850000000e-03 -5.3450000000e-03 2.0050000000e-02 4 1 2.885443e+02 4.805592e+01 2 2.706486e+02 5.014450e+01 3 2.944883e+02 5.963631e+01 4 3.183090e+02 6.892281e+01
-1.8190000000e-03 -5.4110000000e-03 2.0112000000e-02 6 1 2.829250e+02 4.567152e+01 2 2.642146e+02 4.750000e+01 3 2.880071e+02 5.850000e+01 4 3.115000e+02 6.850000e+01 5 3.617222e+02 5.689502e+01 6 4.184121e+02 6.850000e+01
-1.8930000000e-03 -5.4320000000e-03 2.0114000000e-02 6 1 2.797033e+02 4.499688e+01 2 2.610949e+02 4.750000e+01 3 2.846013e+02 5.784142e+01 4 3.084023e+02 6.769502e+01 5 3.583819e+02 5.681691e+01 6 4.148655e+02 6.789151e+01
-1.6210000000e-03 -5.5480000000e-03 2.0212000000e-02 6 1 2.911524e+02 4.123656e+01 2 2.718990e+02 4.194583e+01 3 2.951729e+02 5.223250e+01 4 3.191770e+02 6.218957e+01 5 3.692650e+02 5.211731e+01 6 4.248429e+02 6.281867e+01
-5.5980000000e-03 -6.0730000000e-03 2.0037000000e-02 3 1 1.210000e+02 2.272332e+01 2 9.500000e+01 3.044073e+01 3 1.150000e+02 4.635341e+01
-5.7110000000e-03 -6.0910000000e-03 2.0021000000e-02 4 1 1.159881e+02 2.231729e+01 2 9.045753e+01 2.983140e+01 3 1.095763e+02 4.550000e+01 4 1.310247e+02 5.161246e+01
-1.8180000000e-03 -6.0600000000e-03 2.0074000000e-02 4 1 2.816009e+02 1.816737e+01 2 2.615737e+02 1.950000e+01 3 2.838904e+02 2.965408e+01 4 3.076323e+02 3.917572e+01
-5.7900000000e-03 -6.1870000000e-03 2.0031000000e-02 4 1 1.125524e+02 1.811046e+01 2 8.666863e+01 2.713196e+01 3 1.053417e+02 4.207965e+01 4 1.269053e+02 4.930676e+01
-5.6000000000e-03 -6.2300000000e-03 2.0074000000e-02 4 1 1.209968e+02 1.650000e+01 2 9.500000e+01 2.566807e+01 3 1.140000e+02 3.978025e+01 4 1.360000e+02 4.716047e+01
-1.2970000000e-03 -6.0490000000e-03 1.9913000000e-02 6 1 3.036766e+02 1.572098e+01 2 2.845000e+02 1.610893e+01 3 3.075000e+02 2.600045e+01 4 3.311537e+02 3.544791e+01 5 3.822285e+02 2.550000e+01 6 4.376451e+02 3.621699e+01
-5.6940000000e-03 -6.2270000000e-03 2.0029000000e-02 4 1 1.165699e+02 1.650000e+01 2 9.072024e+01 2.545837e+01 3 1.095000e+02 3.950000e+01 4 1.306855e+02 4.734567e+01
-1.7400000000e-03 -6.1040000000e-03 1.9965000000e-02 6 1 2.846589e+02 1.471954e+01 2 2.647931e+02 1.566985e+01 3 2.875000e+02 2.624213e+01 4 3.123259e+02 3.465193e+01 5 3.618163e+02 2.470751e+01 6 4.181678e+02 3.567237e+01
-3.2680000000e-03 -6.2290000000e-03 2.0080000000e-02 6 1 2.198638e+02 1.288706e+01 2 1.978740e+02 1.707386e+01 3 2.191269e+02 2.936668e+01 4 2.419447e+02 3.715554e+01 5 2.926614e+02 2.381857e+01 6 3.489486e+02 3.710897e+01
-3.3420000000e-03 -6.2360000000e-03 2.0110000000e-02 4 1 2.169723e+02 1.350000e+01 2 1.946424e+02 1.750000e+01 3 2.158853e+02 2.933506e+01 4 2.390532e+02 3.772155e+01
-1.3920000000e-03 -6.1670000000e-03 2.0003000000e-02 6 1 2.995000e+02 1.172410e+01 2 2.788319e+02 1.254228e+01 3 3.021094e+02 2.268583e+01 4 3.256013e+02 3.171514e+01 5 3.773715e+02 2.165443e+01 6 4.333932e+02 3.267601e+01
-3.4500000000e-03 -6.3350000000e-03 2.0146000000e-02 6 1 2.125000e+02 9.500000e+00 2 1.895000e+02 1.406642e+01 3 2.105000e+02 2.630231e+01 4 2.338599e+02 3.433942e+01 5 2.846673e+02 2.081326e+01 6 3.407418e+02 3.445123e+01
-5.6770000000e-03 -6.3720000000e-03 2.0021000000e-02 4 1 1.169467e+02 1.026532e+01 2 9.056503e+01 1.893965e+01 3 1.092555e+02 3.282532e+01 4 1.305403e+02 3.996031e+01
-3.6020000000e-03 -6.3230000000e-03 2.0067000000e-02 6 1 2.054965e+02 9.212996e+00 2 1.828581e+02 1.385296e+01 3 2.036989e+02 2.664932e+01 4 2.265000e+02 3.350000e+01 5 2.775000e+02 2.027654e+01 6 3.340932e+02 3.411253e+01
1.0630000000e-03 1.2950000000e-03 1.2209000000e-02 3 1 4.805000e+02 3.630043e+02 2 5.274407e+02 3.564570e+02 3 6.155000e+02 3.612685e+02
-7.1100000000e-04 1.2880000000e-03 1.2873000000e-02 4 1 3.559434e+02 3.625705e+02 2 3.995000e+02 3.648305e+02 3 4.822274e+02 3.753860e+02 4 5.465000e+02 3.825154e+02
-1.2260000000e-03 1.1790000000e-03 1.3638000000e-02 5 1 3.215320e+02 3.515000e+02 2 3.576962e+02 3.559514e+02 3 4.334048e+02 3.685000e+02 4 4.920374e+02 3.766518e+02 5 5.768594e+02 3.658054e+02
-3.4680000000e-03 7.0900000000e-04 1.5204000000e-02 4 1 1.947244e+02 3.220627e+02 2 2.156671e+02 3.348682e+02 3 2.770068e+02 3.524157e+02 4 3.264166e+02 3.622755e+02
8.0000000000e-04 6.1100000000e-04 1.3405000000e-02 4 1 4.475000e+02 3.125000e+02 2 4.819033e+02 3.075000e+02 3 5.565000e+02 3.125000e+02 4 6.153781e+02 3.200330e+02
-1.1830000000e-03 -2.7000000000e-05 1.3623000000e-02 5 1 3.210000e+02 2.769160e+02 2 3.520000e+02 2.802402e+02 3 4.250000e+02 2.914634e+02 4 4.840000e+02 2.990222e+02 5 5.720000e+02 2.878090e+02
-1.2170000000e-03 -8.4700000000e-04 1.3594000000e-02 3 1 3.167388e+02 2.265000e+02 2 3.445887e+02 2.285000e+02 3 4.157140e+02 2.392482e+02
-6.0400000000e-03 -2.2470000000e-03 1.9528000000e-02 5 1 1.035385e+02 1.848802e+02 2 9.036214e+01 1.990587e+02 3 1.185113e+02 2.175000e+02 4 1.424279e+02 2.262115e+02 5 1.915353e+02 2.103406e+02
-5.3090000000e-03 -2.7390000000e-03 1.9842000000e-02 5 1 1.374919e+02 1.638529e+02 2 1.234948e+02 1.748784e+02 3 1.502948e+02 1.915000e+02 5 2.220390e+02 1.859268e+02 6 2.872352e+02 2.016587e+02
-6.3640000000e-03 -3.6810000000e-03 1.9407000000e-02 6 1 8.534078e+01 1.225000e+02 2 6.676218e+01 1.346783e+02 3 9.246235e+01 1.525000e+02 4 1.159975e+02 1.603350e+02 5 1.672338e+02 1.434709e+02 6 2.328193e+02 1.595000e+02
-5.8420000000e-03 -3.8710000000e-03 1.9849000000e-02 6 1 1.126652e+02 1.155958e+02 2 9.371199e+01 1.270063e+02 3 1.179494e+02 1.443997e+02 4 1.410013e+02 1.526621e+02 5 1.899373e+02 1.365136e+02 6 2.535000e+02 1.531961e+02
-4.3960000000e-03 -4.4880000000e-03 2.0183000000e-02 6 1 1.759903e+02 8.965129e+01 2 1.575000e+02 9.715697e+01 3 1.805000e+02 1.116922e+02 4 2.024297e+02 1.206105e+02 5 2.500748e+02 1.065880e+02 6 3.095788e+02 1.216008e+02
-3.3110000000e-03 -4.4780000000e-03 1.9996000000e-02 4 1 2.207257e+02 8.670939e+01 2 2.041571e+02 9.221291e+01 3 2.288669e+02 1.049802e+02 4 2.526327e+02 1.139093e+02
-5.9540000000e-03 -5.0650000000e-03 1.9995000000e-02 5 1 1.072045e+02 6.622058e+01 2 8.404411e+01 7.650000e+01 3 1.052014e+02 9.222076e+01 4 1.265974e+02 9.979188e+01 5 1.753709e+02 8.278887e+01
-5.6390000000e-03 -5.2040000000e-03 1.9943000000e-02 6 1 1.198793e+02 5.925211e+01 2 9.724306e+01 6.896851e+01 3 1.186044e+02 8.390949e+01 4 1.405942e+02 9.157272e+01 5 1.896262e+02 7.466221e+01 6 2.490903e+02 9.150000e+01
-5.6430000000e-03 -5.4570000000e-03 2.0016000000e-02 4 1 1.199963e+02 4.950000e+01 2 9.662952e+01 5.799571e+01 3 1.170000e+02 7.301519e+01 4 1.390000e+02 8.110953e+01
-5.7120000000e-03 -5.4910000000e-03 2.0019000000e-02 5 1 1.170058e+02 4.796499e+01 2 9.321838e+01 5.744411e+01 3 1.135974e+02 7.214655e+01 4 1.355324e+02 7.971806e+01 5 1.846852e+02 6.286758e+01
-6.0270000000e-03 -5.5360000000e-03 2.0134000000e-02 4 1 1.047204e+02 4.733796e+01 2 7.999007e+01 5.750000e+01 3 9.931087e+01 7.334947e+01 4 1.205000e+02 7.961776e+01
-3.4160000000e-03 -5.6260000000e-03 2.0195000000e-02 6 1 2.154470e+02 4.050000e+01 2 1.944822e+02 4.450000e+01 3 2.166275e+02 5.750000e+01 4 2.394667e+02 6.528487e+01 5 2.893488e+02 5.250000e+01 6 3.463488e+02 6.550000e+01
-5.7010000000e-03 -5.5840000000e-03 1.9981000000e-02 5 1 1.169334e+02 4.350000e+01 2 9.289821e+01 5.256709e+01 3 1.133212e+02 6.762048e+01 4 1.352204e+02 7.493709e+01 5 1.845181e+02 5.799889e+01
-5.7910000000e-03 -5.8480000000e-03 2.0017000000e-02 5 1 1.129695e+02 3.292860e+01 2 8.825277e+01 4.224910e+01 3 1.075000e+02 5.650000e+01 4 1.287930e+02 6.417296e+01 5 1.784845e+02 4.628788e+01
-3.7000000000e-03 1.2650000000e-03 1.2884000000e-02 4 2 1.990634e+02 3.886541e+02 3 2.850650e+02 4.084507e+02 5 4.548633e+02 4.023692e+02 6 5.747542e+02 4.174408e+02
-5.0570000000e-03 1.0150000000e-03 1.2547000000e-02 3 2 9.935832e+01 3.865000e+02 4 2.600000e+02 4.220792e+02 5 3.570000e+02 4.058872e+02
-2.8480000000e-03 1.3790000000e-03 1.3156000000e-02 4 2 2.575689e+02 3.855782e+02 3 3.402511e+02 4.036098e+02 4 4.068236e+02 4.126790e+02 5 5.031514e+02 3.985000e+02
-7.0000000000e-04 1.3820000000e-03 1.2711000000e-02 3 2 4.025000e+02 3.727412e+02 3 4.874865e+02 3.826180e+02 4 5.555000e+02 3.895963e+02
-1.0770000000e-03 1.3440000000e-03 1.2948000000e-02 3 2 3.747665e+02 3.713709e+02 3 4.583925e+02 3.823604e+02 4 5.242230e+02 3.898010e+02
-1.2690000000e-03 1.2000000000e-03 1.3761000000e-02 3 2 3.541133e+02 3.565044e+02 4 4.884815e+02 3.779505e+02 5 5.521489e+02 3.686190e+02
-3.8970000000e-03 6.5100000000e-04 1.4408000000e-02 4 2 1.875000e+02 3.395000e+02 3 2.565208e+02 3.578208e+02 4 3.119685e+02 3.672674e+02 5 3.975000e+02 3.525000e+02
-2.8580000000e-03 6.0100000000e-04 1.5529000000e-02 3 2 2.497098e+02 3.243373e+02 3 3.095000e+02 3.391404e+02 4 3.566941e+02 3.482086e+02
-2.3720000000e-03 6.1300000000e-04 1.5562000000e-02 3 2 2.768148e+02 3.217052e+02 3 3.361248e+02 3.351815e+02 4 3.830493e+02 3.440492e+02
-1.8780000000e-03 6.1200000000e-04 1.5591000000e-02 4 2 3.039747e+02 3.180161e+02 3 3.629465e+02 3.306074e+02 5 4.808329e+02 3.286468e+02 6 5.705480e+02 3.384747e+02
1.2800000000e-04 6.7500000000e-04 1.3422000000e-02 3 2 4.406809e+02 3.158793e+02 3 5.158273e+02 3.236579e+02 4 5.749462e+02 3.305851e+02
-2.6700000000e-04 6.4100000000e-04 1.3515000000e-02 3 2 4.147968e+02 3.165000e+02 3 4.896479e+02 3.245000e+02 4 5.488566e+02 3.325000e+02
-5.6300000000e-04 5.8600000000e-04 1.3566000000e-02 4 2 3.954765e+02 3.149525e+02 3 4.705000e+02 3.235000e+02 4 5.294901e+02 3.317379e+02 5 6.155217e+02 3.220990e+02
-2.0500000000e-04 5.8300000000e-04 1.3491000000e-02 3 2 4.185096e+02 3.119534e+02 3 4.932280e+02 3.212234e+02 4 5.525724e+02 3.280126e+02
-2.7000000000e-04 5.7400000000e-04 1.3499000000e-02 3 2 4.143208e+02 3.117627e+02 3 4.890624e+02 3.210905e+02 4 5.484715e+02 3.284362e+02
-1.9740000000e-03 3.3000000000e-04 1.6376000000e-02 3 2 2.943432e+02 3.015000e+02 3 3.471379e+02 3.135326e+02 4 3.887493e+02 3.227222e+02
-3.5100000000e-04 -1.0900000000e-03 1.3401000000e-02 3 2 3.991230e+02 2.073817e+02 4 5.305208e+02 2.230326e+02 5 6.196810e+02 2.142832e+02
-3.1200000000e-04 -1.4180000000e-03 1.3378000000e-02 3 2 3.996110e+02 1.859507e+02 3 4.708666e+02 1.948421e+02 4 5.303389e+02 2.018620e+02
-7.6320000000e-03 -4.3720000000e-03 2.0295000000e-02 4 2 1.489854e+01 1.165000e+02 3 3.428501e+01 1.348796e+02 5 9.928803e+01 1.235000e+02 6 1.671481e+02 1.418227e+02
2.1300000000e-04 -2.4620000000e-03 1.3200000000e-02 3 2 4.277202e+02 1.141433e+02 3 4.965880e+02 1.219789e+02 4 5.565636e+02 1.295000e+02
-4.7980000000e-03 -4.4410000000e-03 2.0049000000e-02 5 2 1.395000e+02 1.003214e+02 3 1.625000e+02 1.147327e+02 4 1.856992e+02 1.229762e+02 5 2.345000e+02 1.085000e+02 6 2.947409e+02 1.230026e+02
-2.9110000000e-03 -4.4490000000e-03 1.9715000000e-02 4 2 2.214451e+02 8.959394e+01 3 2.476538e+02 1.017068e+02 5 3.225578e+02 9.800000e+01 6 3.909634e+02 1.100741e+02
-2.6810000000e-03 -4.4620000000e-03 1.9726000000e-02 4 2 2.315322e+02 8.800000e+01 3 2.577342e+02 1.000000e+02 5 3.315000e+02 9.753548e+01 6 3.940896e+02 1.095972e+02
-3.5200000000e-03 -4.5370000000e-03 1.9755000000e-02 5 2 1.939884e+02 8.837030e+01 3 2.196602e+02 1.013233e+02 4 2.435966e+02 1.100493e+02 5 2.950291e+02 9.734675e+01 6 3.555035e+02 1.107750e+02
-1.0770000000e-03 -4.4690000000e-03 1.9719000000e-02 5 2 3.015000e+02 8.114575e+01 3 3.275000e+02 9.250000e+01 4 3.514105e+02 1.009010e+02 5 4.008145e+02 9.163348e+01 6 4.580062e+02 1.019437e+02
-2.9260000000e-03 -4.7560000000e-03 2.0114000000e-02 4 2 2.197387e+02 7.950000e+01 3 2.432564e+02 9.161349e+01 4 2.663426e+02 1.011814e+02 5 3.155000e+02 9.034226e+01
-9.3700000000e-04 -4.6460000000e-03 1.9697000000e-02 5 2 3.068541e+02 7.314447e+01 3 3.318820e+02 8.308037e+01 4 3.565000e+02 9.250000e+01 5 4.055000e+02 8.450000e+01 6 4.612496e+02 9.597653e+01
-7.8700000000e-04 -4.7230000000e-03 1.9771000000e-02 5 2 3.126967e+02 6.970381e+01 3 3.375000e+02 7.950000e+01 4 3.615000e+02 8.944209e+01 5 4.105000e+02 8.053812e+01 6 4.670459e+02 9.054809e+01
-6.9310000000e-03 -5.5470000000e-03 2.0277000000e-02 5 2 4.050000e+01 6.226575e+01 3 5.851699e+01 7.850000e+01 4 7.850000e+01 8.550000e+01 5 1.260296e+02 6.602522e+01 6 1.854057e+02 8.450000e+01
-7.5600000000e-04 -5.0650000000e-03 1.9755000000e-02 5 2 3.125000e+02 5.476158e+01 3 3.365000e+02 6.450000e+01 4 3.607412e+02 7.402000e+01 5 4.102888e+02 6.550000e+01 6 4.665388e+02 7.525680e+01
-1.0680000000e-03 -5.0840000000e-03 1.9731000000e-02 5 2 2.989948e+02 5.517477e+01 3 3.237776e+02 6.450000e+01 4 3.476006e+02 7.396088e+01 5 3.975916e+02 6.494550e+01 6 4.539024e+02 7.528367e+01
-1.2070000000e-03 -5.1160000000e-03 1.9736000000e-02 3 2 2.927906e+02 5.382590e+01 3 3.173615e+02 6.420688e+01 4 3.413962e+02 7.350000e+01
-8.9300000000e-04 -5.1270000000e-03 1.9686000000e-02 5 2 3.065000e+02 5.213889e+01 3 3.312497e+02 6.155622e+01 4 3.552618e+02 7.090915e+01 5 4.052702e+02 6.150601e+01 6 4.613361e+02 7.168307e+01
-5.6280000000e-03 -5.6000000000e-03 2.0033000000e-02 4 2 9.635073e+01 5.250000e+01 3 1.170292e+02 6.750000e+01 4 1.390000e+02 7.457232e+01 5 1.880000e+02 5.619285e+01
-9.7900000000e-04 -5.2180000000e-03 1.9676000000e-02 5 2 3.023883e+02 4.816987e+01 3 3.268607e+02 5.767627e+01 4 3.511259e+02 6.733757e+01 5 4.010459e+02 5.802711e+01 6 4.572114e+02 6.833443e+01
-1.3530000000e-03 -5.2800000000e-03 1.9819000000e-02 5 2 2.855000e+02 4.850000e+01 3 3.091911e+02 5.850000e+01 4 3.332136e+02 6.772359e+01 5 3.834809e+02 5.811765e+01 6 4.395524e+02 6.902585e+01
-3.3520000000e-03 -5.5120000000e-03 2.0038000000e-02 5 2 1.975000e+02 4.850000e+01 3 2.199606e+02 5.973797e+01 4 2.429476e+02 6.810485e+01 5 2.928017e+02 5.522957e+01 6 3.495219e+02 6.950000e+01
-4.5200000000e-03 -5.6220000000e-03 2.0084000000e-02 5 2 1.455000e+02 4.800220e+01 3 1.672563e+02 6.141222e+01 4 1.893999e+02 6.936275e+01 5 2.382985e+02 5.398150e+01 6 2.961876e+02 6.886739e+01
-1.0600000000e-03 -5.2760000000e-03 1.9714000000e-02 5 2 2.985000e+02 4.645451e+01 3 3.225948e+02 5.618309e+01 4 3.468752e+02 6.550000e+01 5 3.970152e+02 5.650000e+01 6 4.528972e+02 6.661128e+01
-7.2000000000e-04 -5.9300000000e-03 1.9599000000e-02 5 2 3.104793e+02 1.476815e+01 3 3.342510e+02 2.411295e+01 4 3.582590e+02 3.450000e+01 5 4.093788e+02 2.533228e+01 6 4.645000e+02 3.450000e+01
-5.5860000000e-03 -6.5350000000e-03 2.0139000000e-02 4 2 9.451024e+01 1.250000e+01 3 1.129154e+02 2.655882e+01 4 1.345414e+02 3.344892e+01 5 1.851290e+02 1.477770e+01
-1.0100000000e-03 1.3550000000e-03 1.0808000000e-02 3 2 4.065000e+02 3.931895e+02 3 5.176844e+02 4.039647e+02 4 6.065000e+02 4.091636e+02
-2.6280000000e-03 1.3940000000e-03 1.2255000000e-02 3 2 2.744001e+02 3.945000e+02 4 4.428889e+02 4.195774e+02 5 5.305781e+02 4.063518e+02
-5.3840000000e-03 1.2030000000e-03 1.2641000000e-02 3 2 7.850000e+01 4.015998e+02 5 3.454057e+02 4.217918e+02 6 4.765000e+02 4.413619e+02
-5.2180000000e-03 1.0170000000e-03 1.2546000000e-02 3 2 8.758953e+01 3.885000e+02 4 2.479918e+02 4.245000e+02 5 3.452688e+02 4.065000e+02
6.4800000000e-04 -2.6160000000e-03 1.3145000000e-02 3 2 4.549938e+02 1.013997e+02 3 5.233152e+02 1.076087e+02 4 5.824849e+02 1.161674e+02
-5.6800000000e-03 -4.2670000000e-03 1.9908000000e-02 3 2 9.950000e+01 1.103139e+02 3 1.232799e+02 1.262259e+02 4 1.457646e+02 1.342814e+02
-1.8230000000e-03 -5.0100000000e-03 1.9869000000e-02 3 2 2.663675e+02 6.250000e+01 3 2.904863e+02 7.250000e+01 4 3.144135e+02 8.250000e+01
-1.6300000000e-03 1.3880000000e-03 9.7890000000e-03 4 0 1.857407e+02 3.841224e+02 2 3.705000e+02 4.158814e+02 3 5.011324e+02 4.303591e+02 4 6.065000e+02 4.355000e+02
-9.2600000000e-04 1.3200000000e-03 1.0825000000e-02 3 2 4.125000e+02 3.895000e+02 3 5.229312e+02 3.995186e+02 4 6.114538e+02 4.050603e+02
-2.1700000000e-03 1.3430000000e-03 1.1492000000e-02 4 0 1.670548e+02 3.630707e+02 2 3.106363e+02 3.955000e+02 4 4.966848e+02 4.175000e+02 5 6.125385e+02 4.015000e+02
-3.8740000000e-03 1.2500000000e-03 1.3016000000e-02 4 2 1.876979e+02 3.871573e+02 3 2.718771e+02 4.083302e+02 5 4.404815e+02 4.038315e+02 6 5.629589e+02 4.195329e+02
-1.1930000000e-03 4.1700000000e-04 1.3725000000e-02 5 0 2.557905e+02 2.891706e+02 2 3.538184e+02 3.085000e+02 3 4.274308e+02 3.191134e+02 4 4.864000e+02 3.269362e+02 5 5.734752e+02 3.159490e+02
1.1450000000e-03 -5.2000000000e-04 1.3200000000e-02 4 0 4.022919e+02 2.276125e+02 2 4.993986e+02 2.327695e+02 3 5.712857e+02 2.383067e+02 4 6.294863e+02 2.455000e+02
-1.2550000000e-03 -1.2300000000e-03 1.3634000000e-02 4 0 2.515000e+02 1.861148e+02 2 3.395149e+02 2.055000e+02 4 4.691595e+02 2.241807e+02 5 5.595000e+02 2.125000e+02
-5.4610000000e-03 -2.3800000000e-03 1.9850000000e-02 5 0 9.611368e+01 1.617888e+02 2 1.185000e+02 1.925000e+02 3 1.458230e+02 2.093613e+02 4 1.695565e+02 2.193600e+02 5 2.182034e+02 2.042720e+02
-4.5690000000e-03 -4.4770000000e-03 2.0107000000e-02 6 0 1.379399e+02 7.293308e+01 2 1.490676e+02 9.816524e+01 3 1.726914e+02 1.126501e+02 4 1.950340e+02 1.210033e+02 5 2.445000e+02 1.065344e+02 6 3.040485e+02 1.211561e+02
-5.0700000000e-03 -5.5360000000e-03 2.0376000000e-02 5 2 1.236259e+02 5.585484e+01 3 1.435917e+02 7.103104e+01 4 1.648511e+02 7.977147e+01 5 2.132409e+02 6.421480e+01 6 2.712612e+02 8.016639e+01
-4.1920000000e-03 -5.6540000000e-03 1.9798000000e-02 6 0 1.506892e+02 1.879762e+01 2 1.587780e+02 4.150000e+01 3 1.816243e+02 5.550000e+01 4 2.053066e+02 6.379241e+01 5 2.562433e+02 4.850000e+01 6 3.145000e+02 6.250000e+01
-3.1150000000e-03 -5.8360000000e-03 2.0123000000e-02 6 0 1.975000e+02 1.406477e+01 2 2.065000e+02 3.365253e+01 3 2.278257e+02 4.595448e+01 4 2.508690e+02 5.476228e+01 5 3.009446e+02 4.173367e+01 6 3.578311e+02 5.519641e+01
-2.7330000000e-03 1.4270000000e-03 1.2505000000e-02 3 3 3.573582e+02 4.124063e+02 4 4.313874e+02 4.204880e+02 5 5.371315e+02 4.062939e+02
-2.8390000000e-03 1.3450000000e-03 1.3454000000e-02 3 3 3.375000e+02 3.985276e+02 4 4.019153e+02 4.075000e+02 5 4.960422e+02 3.935000e+02
-6.5960000000e-03 5.6900000000e-04 1.2820000000e-02 3 3 7.047562e+01 3.978717e+02 5 2.515000e+02 3.855127e+02 6 3.753390e+02 4.075041e+02
-2.4760000000e-03 1.3150000000e-03 1.3210000000e-02 3 3 3.636330e+02 3.945000e+02 4 4.282460e+02 4.032913e+02 5 5.261895e+02 3.895000e+02
-6.9370000000e-03 4.2300000000e-04 1.5256000000e-02 3 3 6.591971e+01 3.714359e+02 4 1.139854e+02 3.822827e+02 5 1.939596e+02 3.638648e+02
-4.8620000000e-03 7.1300000000e-04 1.5678000000e-02 4 3 1.963665e+02 3.659689e+02 4 2.416162e+02 3.749936e+02 5 3.175000e+02 3.585939e+02 6 4.128613e+02 3.742207e+02
-5.5300000000e-03 8.0900000000e-04 1.7991000000e-02 3 3 1.622274e+02 3.632959e+02 5 2.501402e+02 3.605000e+02 6 3.316848e+02 3.762809e+02
-6.9460000000e-03 2.7700000000e-04 1.5251000000e-02 3 3 6.413081e+01 3.628650e+02 4 1.120966e+02 3.738236e+02 5 1.925000e+02 3.546194e+02
-7.3530000000e-03 2.0700000000e-04 1.5157000000e-02 4 3 3.712189e+01 3.627933e+02 4 8.500682e+01 3.740059e+02 5 1.666634e+02 3.549547e+02 6 2.751022e+02 3.774234e+02
-7.0000000000e-03 2.2200000000e-04 1.5219000000e-02 3 3 5.997592e+01 3.599629e+02 4 1.080897e+02 3.711619e+02 5 1.889899e+02 3.520161e+02
-6.9430000000e-03 2.1200000000e-04 1.5234000000e-02 3 3 6.371698e+01 3.585000e+02 4 1.116092e+02 3.698640e+02 5 1.925952e+02 3.509626e+02
-7.2160000000e-03 1.5200000000e-04 1.5170000000e-02 4 3 4.550000e+01 3.581247e+02 4 9.334168e+01 3.690186e+02 5 1.751558e+02 3.499005e+02 6 2.826442e+02 3.720449e+02
-3.9990000000e-03 6.1000000000e-04 1.4554000000e-02 3 3 2.492714e+02 3.563944e+02 5 3.900100e+02 3.510384e+02 6 4.950868e+02 3.656073e+02
-4.1140000000e-03 5.6200000000e-04 1.5112000000e-02 3 3 2.396831e+02 3.515000e+02 5 3.705000e+02 3.469485e+02 6 4.705000e+02 3.620227e+02
-3.4320000000e-03 6.8800000000e-04 1.5305000000e-02 3 3 2.795000e+02 3.510969e+02 4 3.288141e+02 3.606673e+02 5 4.057862e+02 3.477736e+02
-7.0100000000e-03 7.6000000000e-05 1.5217000000e-02 4 3 5.801465e+01 3.511762e+02 4 1.060194e+02 3.617700e+02 5 1.873094e+02 3.429025e+02 6 2.938305e+02 3.649289e+02
-6.9710000000e-03 8.0000000000e-06 1.5222000000e-02 3 3 5.974052e+01 3.467862e+02 5 1.891066e+02 3.380700e+02 6 2.965000e+02 3.605000e+02
-4.0410000000e-03 4.7100000000e-04 1.5096000000e-02 3 3 2.432825e+02 3.455697e+02 5 3.745000e+02 3.415000e+02 6 4.743362e+02 3.565000e+02
-6.9480000000e-03 -3.5000000000e-05 1.5214000000e-02 3 3 6.083984e+01 3.438519e+02 4 1.088478e+02 3.542373e+02 5 1.905000e+02 3.351994e+02
-6.9770000000e-03 -1.0400000000e-04 1.5208000000e-02 4 3 5.842064e+01 3.400291e+02 4 1.065000e+02 3.515000e+02 5 1.882658e+02 3.311383e+02 6 2.944254e+02 3.529066e+02
-7.3040000000e-03 -2.6900000000e-04 1.5132000000e-02 4 3 3.550000e+01 3.335000e+02 4 8.350000e+01 3.435000e+02 5 1.664530e+02 3.238169e+02 6 2.736255e+02 3.463921e+02
-7.2370000000e-03 -2.8900000000e-04 1.5171000000e-02 3 3 4.012985e+01 3.320880e+02 4 8.781264e+01 3.415000e+02 5 1.704477e+02 3.217706e+02
-2.0030000000e-03 4.8200000000e-04 1.5954000000e-02 3 3 3.512903e+02 3.237895e+02 4 3.959870e+02 3.332393e+02 5 4.647271e+02 3.223167e+02
-1.9370000000e-03 4.3600000000e-04 1.6084000000e-02 3 3 3.531692e+02 3.211072e+02 5 4.645000e+02 3.187453e+02 6 5.505149e+02 3.281790e+02
-7.4630000000e-03 -5.0400000000e-04 1.5046000000e-02 3 3 2.239655e+01 3.214846e+02 4 7.049360e+01 3.304991e+02 5 1.549962e+02 3.105000e+02
-1.0630000000e-03 3.6500000000e-04 1.3763000000e-02 3 3 4.340562e+02 3.151672e+02 4 4.930273e+02 3.232511e+02 5 5.811560e+02 3.112255e+02
-4.6910000000e-03 -2.5100000000e-04 1.7897000000e-02 3 3 1.964598e+02 3.043458e+02 5 2.873586e+02 2.995000e+02 6 3.645000e+02 3.135000e+02
-3.6980000000e-03 -2.6400000000e-04 1.6092000000e-02 3 3 2.525000e+02 2.975000e+02 4 2.955000e+02 3.065000e+02 5 3.682951e+02 2.945000e+02
-3.6320000000e-03 -4.1100000000e-04 1.6468000000e-02 3 3 2.533656e+02 2.889755e+02 4 2.949572e+02 2.976995e+02 5 3.635000e+02 2.842509e+02
-1.5520000000e-03 -1.8600000000e-04 1.7964000000e-02 3 3 3.492461e+02 2.828199e+02 5 4.365375e+02 2.830944e+02 6 5.091170e+02 2.924601e+02
-7.4650000000e-03 -1.1170000000e-03 1.5142000000e-02 4 3 1.750000e+01 2.829765e+02 4 6.498548e+01 2.916380e+02 5 1.495000e+02 2.704130e+02 6 2.562802e+02 2.940015e+02
-1.1930000000e-03 -1.1370000000e-03 1.3842000000e-02 3 3 4.110000e+02 2.223505e+02 4 4.702766e+02 2.295000e+02 5 5.603440e+02 2.183286e+02
-3.1770000000e-03 -2.2300000000e-03 1.5194000000e-02 3 3 2.696280e+02 1.803692e+02 5 4.026153e+02 1.723376e+02 6 4.578943e+02 1.831993e+02
-7.4000000000e-04 -2.5810000000e-03 1.9380000000e-02 3 3 3.568278e+02 1.705469e+02 5 4.311722e+02 1.721237e+02 6 4.931012e+02 1.810909e+02
-1.8670000000e-03 -2.7820000000e-03 1.9907000000e-02 3 3 3.030000e+02 1.710000e+02 5 3.740000e+02 1.710000e+02 6 4.435000e+02 1.810336e+02
-7.6100000000e-04 -2.6790000000e-03 1.9342000000e-02 3 3 3.556102e+02 1.660682e+02 5 4.305220e+02 1.676541e+02 6 4.919316e+02 1.765845e+02
-3.1900000000e-04 -3.1400000000e-03 1.9048000000e-02 3 3 3.745439e+02 1.410187e+02 5 4.522744e+02 1.430813e+02 6 5.139879e+02 1.515000e+02
-6.8520000000e-03 -4.1020000000e-03 1.9074000000e-02 3 3 6.359400e+01 1.345000e+02 4 8.950000e+01 1.415000e+02 5 1.445000e+02 1.225000e+02
-5.2200000000e-04 -3.4100000000e-03 1.9196000000e-02 3 3 3.625000e+02 1.312072e+02 5 4.395000e+02 1.328128e+02 6 5.002176e+02 1.416768e+02
-5.1400000000e-04 -3.4870000000e-03 1.9159000000e-02 4 3 3.626562e+02 1.274900e+02 4 3.891848e+02 1.369145e+02 5 4.401171e+02 1.289214e+02 6 5.003509e+02 1.378770e+02
-2.2800000000e-04 -3.4940000000e-03 1.8919000000e-02 4 3 3.775000e+02 1.238054e+02 4 4.052174e+02 1.331039e+02 5 4.568413e+02 1.255000e+02 6 5.178155e+02 1.344729e+02
-4.8730000000e-03 -4.6970000000e-03 2.0221000000e-02 4 3 1.576950e+02 1.054740e+02 4 1.803029e+02 1.135128e+02 5 2.292080e+02 9.864723e+01 6 2.890515e+02 1.138540e+02
-4.5130000000e-03 -4.7270000000e-03 2.0225000000e-02 4 3 1.735083e+02 1.020851e+02 4 1.964991e+02 1.109710e+02 5 2.452319e+02 9.650000e+01 6 3.049330e+02 1.115000e+02
-4.7470000000e-03 -4.8240000000e-03 2.0271000000e-02 4 3 1.625000e+02 9.950000e+01 4 1.845000e+02 1.084532e+02 5 2.337997e+02 9.320400e+01 6 2.937510e+02 1.082391e+02
-2.7850000000e-03 -4.5250000000e-03 1.9775000000e-02 4 3 2.521270e+02 9.830279e+01 4 2.765000e+02 1.067471e+02 5 3.277288e+02 9.550000e+01 6 3.871015e+02 1.083993e+02
-5.6720000000e-03 -4.9930000000e-03 2.0259000000e-02 4 3 1.195657e+02 9.654806e+01 4 1.416037e+02 1.045000e+02 5 1.906585e+02 8.837633e+01 6 2.506301e+02 1.043949e+02
-5.9170000000e-03 -5.0160000000e-03 2.0291000000e-02 4 3 1.087107e+02 9.747247e+01 4 1.299619e+02 1.053082e+02 5 1.791391e+02 8.795499e+01 6 2.389868e+02 1.049385e+02
-4.7280000000e-03 -4.9070000000e-03 2.0309000000e-02 4 3 1.629079e+02 9.633991e+01 4 1.847575e+02 1.046394e+02 5 2.338854e+02 8.958383e+01 6 2.925000e+02 1.049260e+02
-3.3710000000e-03 -4.7030000000e-03 1.9929000000e-02 4 3 2.245900e+02 9.478932e+01 4 2.485522e+02 1.041762e+02 5 2.991852e+02 9.090169e+01 6 3.585263e+02 1.037914e+02
-2.2290000000e-03 -4.6280000000e-03 2.0014000000e-02 3 3 2.749004e+02 9.363732e+01 4 2.987566e+02 1.020122e+02 5 3.477084e+02 9.112395e+01
-2.7770000000e-03 -4.7080000000e-03 2.0040000000e-02 3 3 2.505000e+02 9.334896e+01 4 2.744453e+02 1.018883e+02 5 3.235000e+02 8.925392e+01
-3.6470000000e-03 -4.8840000000e-03 2.0262000000e-02 4 3 2.107269e+02 9.125533e+01 4 2.335000e+02 9.979204e+01 5 2.823232e+02 8.705552e+01 6 3.403499e+02 1.020777e+02
-2.9520000000e-03 -4.8640000000e-03 2.0132000000e-02 4 3 2.414626e+02 8.750000e+01 4 2.648065e+02 9.650000e+01 5 3.140659e+02 8.450000e+01 6 3.718456e+02 9.700520e+01
-1.0010000000e-03 -4.6870000000e-03 1.9850000000e-02 4 3 3.281375e+02 8.284586e+01 4 3.519541e+02 9.250000e+01 5 4.013438e+02 8.378453e+01 6 4.578138e+02 9.415173e+01
-6.9610000000e-03 -5.7710000000e-03 2.0537000000e-02 3 3 5.714614e+01 7.164104e+01 5 1.247496e+02 5.902470e+01 6 1.830736e+02 7.729665e+01
-7.0500000000e-03 -5.9340000000e-03 2.0563000000e-02 4 3 5.202111e+01 6.550000e+01 4 7.150000e+01 7.215269e+01 5 1.192918e+02 5.167329e+01 6 1.778600e+02 6.973316e+01
-1.3900000000e-04 -5.0330000000e-03 1.9675000000e-02 4 3 3.640444e+02 6.200131e+01 4 3.881338e+02 7.149680e+01 5 4.379725e+02 6.425602e+01 6 4.938552e+02 7.346169e+01
-7.1090000000e-03 -6.0790000000e-03 2.0629000000e-02 4 3 4.853635e+01 6.020510e+01 4 6.800880e+01 6.615704e+01 5 1.152206e+02 4.595075e+01 6 1.736615e+02 6.411899e+01
-2.3700000000e-04 -5.1580000000e-03 1.9709000000e-02 4 3 3.588060e+02 5.760144e+01 4 3.826748e+02 6.710490e+01 5 4.327234e+02 5.922966e+01 6 4.882116e+02 6.869305e+01
-3.1650000000e-03 -5.7880000000e-03 2.0311000000e-02 3 3 2.258940e+02 5.089108e+01 4 2.485000e+02 5.950000e+01 5 2.979384e+02 4.550000e+01
-7.3540000000e-03 -6.3240000000e-03 2.0722000000e-02 3 3 3.680626e+01 5.150000e+01 4 5.517037e+01 5.804989e+01 5 1.025000e+02 3.650000e+01
-3.2800000000e-04 -5.3580000000e-03 1.9739000000e-02 4 3 3.533897e+02 4.950000e+01 4 3.774109e+02 5.932693e+01 5 4.275000e+02 5.122797e+01 6 4.833295e+02 6.086247e+01
-1.9200000000e-04 -5.3440000000e-03 1.9690000000e-02 4 3 3.596117e+02 4.858313e+01 4 3.835000e+02 5.950000e+01 5 4.339362e+02 5.057472e+01 6 4.895000e+02 6.007052e+01
-7.7000000000e-05 -5.4380000000e-03 1.9672000000e-02 4 3 3.641568e+02 4.442326e+01 4 3.882851e+02 5.391420e+01 5 4.385000e+02 4.592704e+01 6 4.939663e+02 5.533406e+01
1.2000000000e-04 -5.6510000000e-03 1.9635000000e-02 4 3 3.713627e+02 3.319575e+01 4 3.958231e+02 4.350000e+01 5 4.461039e+02 3.634125e+01 6 5.009253e+02 4.520349e+01
2.6000000000e-05 -5.7490000000e-03 1.9651000000e-02 4 3 3.666184e+02 2.950000e+01 4 3.910201e+02 3.864806e+01 5 4.415427e+02 3.250000e+01 6 4.966436e+02 4.095893e+01
-1.1600000000e-04 -5.9110000000e-03 1.9637000000e-02 4 3 3.597251e+02 2.330498e+01 4 3.840326e+02 3.318942e+01 5 4.352107e+02 2.516711e+01 6 4.906205e+02 3.424915e+01
8.4000000000e-05 -6.1600000000e-03 1.9485000000e-02 4 3 3.679973e+02 9.434332e+00 4 3.930475e+02 1.950000e+01 5 4.449490e+02 1.182039e+01 6 4.995487e+02 2.111402e+01
-5.2430000000e-03 1.2390000000e-03 1.2775000000e-02 4 3 1.760505e+02 4.288132e+02 4 2.475774e+02 4.390604e+02 5 3.565000e+02 4.201111e+02 6 4.876469e+02 4.389756e+02
-5.0460000000e-03 1.2300000000e-03 1.2754000000e-02 4 3 1.905000e+02 4.255000e+02 4 2.617481e+02 4.360143e+02 5 3.712994e+02 4.175625e+02 6 5.025000e+02 4.355470e+02
-3.1150000000e-03 1.3600000000e-03 1.2198000000e-02 3 3 3.340226e+02 4.165173e+02 4 4.090956e+02 4.235000e+02 5 5.233620e+02 4.089667e+02
-3.3280000000e-03 1.4060000000e-03 1.2651000000e-02 3 3 3.143354e+02 4.170533e+02 5 4.928669e+02 4.102179e+02 6 6.158879e+02 4.229800e+02
-2.7700000000e-03 1.4230000000e-03 1.2527000000e-02 3 3 3.544417e+02 4.122643e+02 4 4.284125e+02 4.203353e+02 5 5.338597e+02 4.063121e+02
-5.4240000000e-03 1.1770000000e-03 1.3544000000e-02 3 3 1.640059e+02 4.185000e+02 4 2.269440e+02 4.285000e+02 5 3.260143e+02 4.095000e+02
-2.6010000000e-03 1.4180000000e-03 1.3254000000e-02 3 3 3.560153e+02 4.026446e+02 4 4.221700e+02 4.118178e+02 5 5.178193e+02 3.972080e+02
-4.3050000000e-03 1.1400000000e-03 1.3367000000e-02 3 3 2.397166e+02 4.014239e+02 4 3.045000e+02 4.128465e+02 5 4.048703e+02 3.981472e+02
-5.2480000000e-03 8.8900000000e-04 1.3776000000e-02 4 3 1.735000e+02 3.945000e+02 4 2.341889e+02 4.045000e+02 5 3.308445e+02 3.857271e+02 6 4.459202e+02 4.053222e+02
-4.4730000000e-03 9.7900000000e-04 1.4184000000e-02 3 3 2.245557e+02 3.870793e+02 5 3.725000e+02 3.813064e+02 6 4.849712e+02 3.964949e+02
-5.4600000000e-03 -3.7430000000e-03 1.9771000000e-02 3 3 1.361948e+02 1.483764e+02 5 2.105000e+02 1.403377e+02 6 2.755278e+02 1.552664e+02
-6.8260000000e-03 -4.1920000000e-03 1.9110000000e-02 4 3 6.450000e+01 1.304115e+02 4 9.018226e+01 1.369842e+02 5 1.451469e+02 1.181806e+02 6 2.141466e+02 1.351449e+02
-6.4930000000e-03 -4.2100000000e-03 1.9137000000e-02 4 3 8.067280e+01 1.273549e+02 4 1.068669e+02 1.351151e+02 5 1.617036e+02 1.168789e+02 6 2.308119e+02 1.331604e+02
-5.7400000000e-03 -4.8350000000e-03 2.0299000000e-02 4 3 1.175000e+02 1.046855e+02 4 1.396109e+02 1.122996e+02 5 1.877691e+02 9.582813e+01 6 2.487082e+02 1.119638e+02
-6.8190000000e-03 -5.7170000000e-03 2.0521000000e-02 4 3 6.345906e+01 7.310249e+01 4 8.354424e+01 7.983703e+01 5 1.314057e+02 6.107278e+01 6 1.905000e+02 7.891376e+01
-3.4540000000e-03 1.3890000000e-03 1.2525000000e-02 3 3 3.066207e+02 4.188693e+02 4 3.811889e+02 4.270606e+02 5 4.888173e+02 4.118397e+02
-1.7640000000e-03 -4.4630000000e-03 1.9553000000e-02 4 3 2.985489e+02 9.399651e+01 4 3.253647e+02 1.027062e+02 5 3.753191e+02 9.265133e+01 6 4.338006e+02 1.037263e+02
-5.0820000000e-03 -5.4800000000e-03 2.0561000000e-02 4 3 1.438997e+02 7.507613e+01 4 1.643592e+02 8.377426e+01 5 2.131182e+02 6.791763e+01 6 2.715000e+02 8.350000e+01
-5.7270000000e-03 -6.0380000000e-03 2.0471000000e-02 4 1 1.160106e+02 2.950000e+01 3 1.109887e+02 5.329748e+01 4 1.317752e+02 5.950000e+01 5 1.812055e+02 4.276915e+01
-2.2230000000e-03 1.3660000000e-03 1.2025000000e-02 4 0 1.585000e+02 3.575000e+02 3 3.999256e+02 4.068936e+02 4 4.761416e+02 4.144308e+02 5 5.895000e+02 4.003947e+02
-3.5590000000e-03 1.3090000000e-03 1.3107000000e-02 4 0 9.150000e+01 3.499546e+02 3 2.933646e+02 4.084893e+02 5 4.619172e+02 4.015447e+02 6 5.821446e+02 4.152866e+02
-4.7570000000e-03 1.2210000000e-03 1.2741000000e-02 3 3 2.113627e+02 4.218272e+02 4 2.830208e+02 4.316630e+02 5 3.918862e+02 4.127484e+02
-5.8290000000e-03 -2.3240000000e-03 1.9716000000e-02 4 0 7.878388e+01 1.646251e+02 3 1.295000e+02 2.145000e+02 4 1.525000e+02 2.235000e+02 5 2.021782e+02 2.088888e+02
-4.9590000000e-03 -4.4860000000e-03 2.0302000000e-02 5 1 1.518924e+02 9.181393e+01 3 1.555190e+02 1.161036e+02 4 1.765000e+02 1.245000e+02 5 2.258261e+02 1.091325e+02 6 2.862190e+02 1.246794e+02
-2.2680000000e-03 -4.5440000000e-03 2.0065000000e-02 3 3 2.735000e+02 9.768855e+01 5 3.457877e+02 9.570480e+01 6 4.135000e+02 1.068414e+02
-2.4740000000e-03 -5.8240000000e-03 2.0085000000e-02 6 0 2.239864e+02 1.444301e+01 1 2.536805e+02 2.906227e+01 3 2.561332e+02 4.297850e+01 4 2.798632e+02 5.229142e+01 5 3.302336e+02 4.008025e+01 6 3.865000e+02 5.162240e+01
-5.3360000000e-03 1.0740000000e-03 1.3307000000e-02 3 4 2.337669e+02 4.229845e+02 5 3.330424e+02 4.042830e+02 6 4.548864e+02 4.231968e+02
-6.1830000000e-03 7.1500000000e-04 1.3462000000e-02 3 4 1.690974e+02 4.069715e+02 5 2.687571e+02 3.879420e+02 6 3.915000e+02 4.105000e+02
-7.3850000000e-03 2.7500000000e-04 1.4977000000e-02 3 4 8.295014e+01 3.805000e+02 5 1.651766e+02 3.615000e+02 6 2.739324e+02 3.841198e+02
-7.3360000000e-03 -5.1600000000e-04 1.5032000000e-02 3 4 7.856174e+01 3.291630e+02 5 1.617951e+02 3.089016e+02 6 2.691555e+02 3.315211e+02
-7.3730000000e-03 -6.9500000000e-04 1.5029000000e-02 3 4 7.451360e+01 3.180211e+02 5 1.575802e+02 2.970158e+02 6 2.655000e+02 3.205000e+02
-7.5470000000e-03 -7.2000000000e-04 1.5021000000e-02 3 4 6.230426e+01 3.185000e+02 5 1.461408e+02 2.972256e+02 6 2.540000e+02 3.206124e+02
-3.0330000000e-03 -1.4800000000e-04 1.6952000000e-02 3 4 3.231273e+02 3.081679e+02 5 3.873009e+02 2.944091e+02 6 4.634244e+02 3.066420e+02
-7.2660000000e-03 -8.2300000000e-04 1.5032000000e-02 3 4 8.013178e+01 3.079720e+02 5 1.640000e+02 2.885707e+02 6 2.710000e+02 3.115353e+02
-7.7780000000e-03 -1.0990000000e-03 1.5087000000e-02 3 4 4.327647e+01 2.956377e+02 5 1.270395e+02 2.740041e+02 6 2.345000e+02 2.995000e+02
-7.5940000000e-03 -1.1710000000e-03 1.5009000000e-02 3 4 5.437611e+01 2.895000e+02 5 1.394312e+02 2.676060e+02 6 2.470000e+02 2.922579e+02
-7.4210000000e-03 -1.2700000000e-03 1.5059000000e-02 3 4 6.543494e+01 2.815000e+02 5 1.500418e+02 2.598213e+02 6 2.565996e+02 2.835809e+02
-7.5010000000e-03 -1.2830000000e-03 1.5051000000e-02 3 4 5.961578e+01 2.815000e+02 5 1.448663e+02 2.595000e+02 6 2.511989e+02 2.835000e+02
1.3500000000e-04 -2.8870000000e-03 1.8368000000e-02 3 4 4.329135e+02 1.551178e+02 5 4.845000e+02 1.482322e+02 6 5.459603e+02 1.556812e+02
-3.0900000000e-04 -2.9560000000e-03 1.8390000000e-02 3 4 4.125000e+02 1.541360e+02 5 4.648862e+02 1.466991e+02 6 5.271329e+02 1.553967e+02
1.1200000000e-04 -3.0540000000e-03 1.8410000000e-02 3 4 4.300652e+02 1.477874e+02 5 4.818345e+02 1.408919e+02 6 5.429450e+02 1.485000e+02
7.8000000000e-05 -3.2010000000e-03 1.8440000000e-02 3 4 4.270677e+02 1.411388e+02 5 4.790782e+02 1.345000e+02 6 5.399130e+02 1.425140e+02
2.7000000000e-05 -3.2240000000e-03 1.8502000000e-02 3 4 4.236935e+02 1.415000e+02 5 4.752574e+02 1.338461e+02 6 5.361331e+02 1.415000e+02
-1.7900000000e-04 -3.3020000000e-03 1.8538000000e-02 3 4 4.136008e+02 1.385000e+02 5 4.654455e+02 1.311323e+02 6 5.265000e+02 1.400731e+02
-3.9000000000e-04 -3.3830000000e-03 1.8639000000e-02 3 4 4.022984e+02 1.365000e+02 5 4.540076e+02 1.291529e+02 6 5.149744e+02 1.385000e+02
2.4000000000e-05 -3.3380000000e-03 1.8513000000e-02 3 4 4.226026e+02 1.358493e+02 5 4.743777e+02 1.285000e+02 6 5.350483e+02 1.369049e+02
-4.7400000000e-04 -3.4380000000e-03 1.8692000000e-02 3 4 3.975000e+02 1.365000e+02 5 4.495625e+02 1.271434e+02 6 5.100424e+02 1.355000e+02
4.2900000000e-04 -3.3410000000e-03 1.8576000000e-02 3 4 4.391997e+02 1.340640e+02 5 4.900025e+02 1.276751e+02 6 5.493594e+02 1.353682e+02
-1.9400000000e-04 -3.4580000000e-03 1.8558000000e-02 3 4 4.115606e+02 1.318602e+02 5 4.635000e+02 1.243644e+02 6 5.245000e+02 1.329051e+02
4.3700000000e-04 -3.4140000000e-03 1.8571000000e-02 3 4 4.391255e+02 1.308394e+02 5 4.900010e+02 1.243852e+02 6 5.494012e+02 1.318645e+02
1.8200000000e-04 -3.5520000000e-03 1.8479000000e-02 3 4 4.285316e+02 1.249632e+02 5 4.809982e+02 1.177553e+02 6 5.409761e+02 1.260297e+02
-2.1730000000e-03 -4.4270000000e-03 1.9464000000e-02 3 4 3.070270e+02 1.057068e+02 5 3.575000e+02 9.459013e+01 6 4.177260e+02 1.065000e+02
-3.4920000000e-03 -4.7900000000e-03 1.9897000000e-02 3 4 2.429327e+02 1.005000e+02 5 2.934365e+02 8.731020e+01 6 3.525863e+02 9.952539e+01
-3.1160000000e-03 -4.8460000000e-03 2.0014000000e-02 3 4 2.585000e+02 9.652615e+01 5 3.077969e+02 8.461247e+01 6 3.660831e+02 9.753091e+01
-6.7160000000e-03 -5.4610000000e-03 2.0606000000e-02 3 4 9.023450e+01 9.212430e+01 5 1.380159e+02 7.350000e+01 6 1.975000e+02 9.050000e+01
-6.5960000000e-03 -5.5770000000e-03 2.0576000000e-02 3 4 9.490449e+01 8.550000e+01 5 1.429709e+02 6.712414e+01 6 2.025469e+02 8.490974e+01
-6.5850000000e-03 -5.6800000000e-03 2.0578000000e-02 3 4 9.469054e+01 8.103547e+01 5 1.432789e+02 6.225554e+01 6 2.023749e+02 8.002168e+01
-1.0240000000e-03 -5.1180000000e-03 1.9638000000e-02 3 4 3.505000e+02 7.211603e+01 5 4.005056e+02 6.276445e+01 6 4.567095e+02 7.250000e+01
-7.2160000000e-03 -6.0870000000e-03 2.0930000000e-02 3 4 6.350000e+01 6.950000e+01 5 1.099590e+02 4.946285e+01 6 1.680583e+02 6.812553e+01
-5.1170000000e-03 1.1920000000e-03 1.2549000000e-02 3 4 2.578273e+02 4.372018e+02 5 3.675000e+02 4.190912e+02 6 4.983123e+02 4.366401e+02
-7.5090000000e-03 -5.1000000000e-04 1.4978000000e-02 3 4 6.673071e+01 3.305730e+02 5 1.505225e+02 3.113727e+02 6 2.591184e+02 3.342133e+02
-7.3730000000e-03 -5.9800000000e-04 1.5053000000e-02 3 4 7.525729e+01 3.245000e+02 5 1.587772e+02 3.033046e+02 6 2.656035e+02 3.269703e+02
-7.5140000000e-03 -6.2100000000e-04 1.5009000000e-02 3 4 6.521659e+01 3.243916e+02 5 1.495000e+02 3.035000e+02 6 2.569712e+02 3.265928e+02
-7.3680000000e-03 -7.5100000000e-04 1.5049000000e-02 3 4 7.408036e+01 3.144448e+02 5 1.577879e+02 2.933067e+02 6 2.646736e+02 3.169234e+02
-7.4840000000e-03 -8.4200000000e-04 1.5043000000e-02 3 4 6.538435e+01 3.105000e+02 5 1.495000e+02 2.887762e+02 6 2.565825e+02 3.115000e+02
-7.3540000000e-03 -9.0300000000e-04 1.5079000000e-02 3 4 7.350000e+01 3.045000e+02 5 1.575000e+02 2.832408e+02 6 2.635930e+02 3.068840e+02
-7.3160000000e-03 -1.1700000000e-03 1.5092000000e-02 3 4 7.350000e+01 2.867571e+02 5 1.576428e+02 2.650585e+02 6 2.635000e+02 2.895000e+02
-7.4960000000e-03 -1.2130000000e-03 1.5042000000e-02 3 4 6.083972e+01 2.855000e+02 5 1.455000e+02 2.645000e+02 6 2.525000e+02 2.883732e+02
-7.2740000000e-03 -1.2240000000e-03 1.5061000000e-02 3 4 7.550000e+01 2.829916e+02 5 1.604509e+02 2.617574e+02 6 2.661655e+02 2.848188e+02
-7.5190000000e-03 -1.3230000000e-03 1.5033000000e-02 3 4 5.815125e+01 2.788831e+02 5 1.431103e+02 2.571933e+02 6 2.502220e+02 2.811266e+02
-7.2540000000e-03 -1.3080000000e-03 1.5090000000e-02 3 4 7.612122e+01 2.772011e+02 5 1.608645e+02 2.562091e+02 6 2.661793e+02 2.795000e+02
-7.2050000000e-03 -1.3370000000e-03 1.5111000000e-02 3 4 7.929198e+01 2.749964e+02 5 1.636269e+02 2.539878e+02 6 2.687891e+02 2.770629e+02
-7.4820000000e-03 -1.3570000000e-03 1.5029000000e-02 3 4 6.010631e+01 2.763526e+02 5 1.455000e+02 2.545000e+02 6 2.522210e+02 2.784883e+02
-7.2670000000e-03 -1.3790000000e-03 1.5119000000e-02 3 4 7.501421e+01 2.735000e+02 5 1.589270e+02 2.513353e+02 6 2.645525e+02 2.750401e+02
-7.4540000000e-03 -1.4360000000e-03 1.5060000000e-02 3 4 6.147235e+01 2.711234e+02 5 1.465000e+02 2.491684e+02 6 2.529095e+02 2.730436e+02
-7.2710000000e-03 -1.4460000000e-03 1.5084000000e-02 3 4 7.367272e+01 2.685000e+02 5 1.585797e+02 2.473611e+02 6 2.640936e+02 2.705738e+02
-7.1160000000e-03 -1.4770000000e-03 1.5130000000e-02 3 4 8.395200e+01 2.655000e+02 5 1.683013e+02 2.444990e+02 6 2.729534e+02 2.667879e+02
-7.3530000000e-03 -1.5670000000e-03 1.5066000000e-02 3 4 6.697157e+01 2.615854e+02 5 1.522785e+02 2.397672e+02 6 2.581586e+02 2.636135e+02
-7.2290000000e-03 -1.6240000000e-03 1.5077000000e-02 3 4 7.465101e+01 2.570381e+02 5 1.602123e+02 2.349782e+02 6 2.653185e+02 2.589296e+02
-7.4750000000e-03 -1.6960000000e-03 1.5052000000e-02 3 4 5.743373e+01 2.555000e+02 5 1.431341e+02 2.319048e+02 6 2.494146e+02 2.561349e+02
-7.3660000000e-03 -1.7100000000e-03 1.5140000000e-02 3 4 6.528728e+01 2.531790e+02 5 1.495499e+02 2.307271e+02 6 2.550373e+02 2.547115e+02
-5.4300000000e-03 1.1870000000e-03 1.2661000000e-02 3 4 2.335000e+02 4.395000e+02 5 3.422053e+02 4.215521e+02 6 4.729642e+02 4.405000e+02
-5.4530000000e-03 1.0850000000e-03 1.2649000000e-02 3 4 2.307089e+02 4.325000e+02 5 3.395082e+02 4.135000e+02 6 4.708853e+02 4.333007e+02
SBA using 465 3D pts, 7 frames and 1916 image projections, 1437 variables

Method BA_MOTSTRUCT, expert driver, analytic Jacobian, without covariances, without distortion, fixed intrinsics

SBA returned 17 in 17 iter, reason 2, error 0.675396 [initial 19.0947], 18/17 func/fjac evals, 25 lin. systems
Elapsed time: 0.18 seconds, 180.00 msecs
